11
2
2
0 0 14 8 0 -1
7 0 7 8 0 2
haar_x2
1.098781e-02 1 0
2
8 2 2 12 0 -1
8 6 2 4 0 3
haar_y3
-3.280105e-04 -1 -2
6.361781e-01 1.000000e+00 -8.546099e-01 
2
2
4 0 16 2 0 -1
4 0 8 2 0 2
haar_x2
1.363014e-05 1 0
2
2 0 18 2 0 -1
2 0 9 2 0 2
haar_x2
-1.467734e-05 -1 -2
9.166552e-02 2.259187e-01 -7.765256e-01 
2
2
5 17 7 2 0 -1
5 18 7 1 0 2
haar_y2
-1.546624e-05 1 0
2
0 1 10 1 0 -1
5 1 5 1 0 2
haar_x2
2.955618e-04 -1 -2
-9.569516e-01 6.769108e-01 -9.294396e-01 
2
2
1 14 18 6 0 -1
7 14 6 6 0 3
haar_x3
7.083252e-02 1 0
2
7 6 11 12 0 -1
7 10 11 4 0 3
haar_y3
-5.762699e-02 -1 -2
2.128271e-01 4.310296e-01 -5.947278e-01 
2
2
1 0 6 7 0 -1
3 0 2 7 0 3
haar_x3
-1.539797e-05 1 0
2
2 1 1 6 0 -1
2 4 1 3 0 2
haar_y2
1.184743e-04 -1 -2
-8.986263e-01 5.666608e-01 -9.491854e-01 
2
2
13 13 6 3 0 -1
15 13 2 3 0 3
haar_x3
-1.621114e-05 1 0
2
19 1 1 16 0 -1
19 9 1 8 0 2
haar_y2
3.262208e-04 -1 -2
-5.362969e-01 -1.377574e-01 -9.262501e-01 
2
2
0 0 20 14 0 -1
0 7 20 7 0 2
haar_y2
2.273879e-04 1 0
2
1 11 6 1 0 -1
4 11 3 1 0 2
haar_x2
2.586289e-04 -1 -2
4.813384e-01 8.893708e-01 -9.750232e-01 
2
2
13 15 6 4 0 -1
15 15 2 4 0 3
haar_x3
1.550997e-05 1 0
2
18 9 2 10 0 -1
18 14 2 5 0 2
haar_y2
7.602326e-03 -1 -2
6.743475e-02 -2.823309e-01 -9.694450e-01 
2
2
0 3 18 15 0 -1
9 3 9 15 0 2
haar_x2
9.496043e-02 1 0
2
0 2 1 10 0 -1
0 7 1 5 0 2
haar_y2
1.791675e-04 -1 -2
3.361942e-01 9.125412e-01 -9.692181e-01 
2
2
4 4 15 16 0 -1
4 12 15 8 0 2
haar_y2
-2.058121e-05 0 1
2
9 12 2 8 0 -1
9 16 2 4 0 2
haar_y2
-2.963023e-02 -1 -2
1.153328e-02 5.441405e-01 -6.561962e-01 
2
2
0 16 9 2 0 -1
3 16 3 2 0 3
haar_x3
-1.483957e-05 1 0
2
0 18 4 2 0 -1
0 19 4 1 0 2
haar_y2
-4.375888e-05 -1 -2
-8.837499e-01 -9.716814e-01 6.128795e-01 
-8.276582e-01

4
-1
