3
2
2
0 3 12 15 0 -1
6 3 6 15 0 2
haar_x2
2.289733e-01 0 1
2
0 9 3 8 0 -1
0 13 3 4 0 2
haar_y2
-4.171351e-04 -1 -2
-5.471680e-01 -9.578281e-01 7.682764e-01 
2
2
17 8 3 10 0 -1
18 8 1 10 0 3
haar_x3
-1.550842e-05 1 0
2
18 7 2 13 0 -1
19 7 1 13 0 2
haar_x2
4.149022e-05 -1 -2
-8.286915e-01 6.236630e-01 -9.648267e-01 
2
3
10 0 10 6 0 -1
10 0 5 3 0 2
15 3 5 3 0 2
haar_x2_y2
-1.758225e-02 1 0
2
0 0 2 16 0 -1
0 8 2 8 0 2
haar_y2
7.229053e-04 -1 -2
-5.251534e-01 7.593126e-01 -9.373046e-01 
-8.608096e-01

3
-1
