9
2
2
0 4 14 4 0 -1
7 4 7 4 0 2
haar_x2
5.438367e-02 0 1
2
0 13 8 6 0 -1
4 13 4 6 0 2
haar_x2
2.104558e-05 -1 -2
-7.096813e-01 -9.740992e-01 5.935759e-01 
2
2
7 17 13 2 0 -1
7 18 13 1 0 2
haar_y2
-1.546624e-05 1 0
2
2 0 18 1 0 -1
8 0 6 1 0 3
haar_x3
5.710621e-04 -1 -2
-8.910644e-01 -5.410600e-02 -9.887273e-01 
2
2
0 4 18 16 0 -1
9 4 9 16 0 2
haar_x2
7.022296e-02 0 1
2
0 0 16 8 0 -1
0 4 16 4 0 2
haar_y2
2.752077e-02 -1 -2
-9.096578e-01 -7.303431e-01 6.459573e-01 
2
2
1 15 18 2 0 -1
7 15 6 2 0 3
haar_x3
4.782958e-02 1 0
2
8 7 5 6 0 -1
8 10 5 3 0 2
haar_y2
1.248908e-02 -1 -2
4.969962e-01 -4.641429e-01 6.136831e-01 
2
2
0 8 20 12 0 -1
0 14 20 6 0 2
haar_y2
-1.360494e-04 1 0
2
0 0 20 14 0 -1
0 7 20 7 0 2
haar_y2
3.219010e-02 -1 -2
-8.919826e-01 -9.905636e-01 1.725676e-01 
2
2
13 0 6 9 0 -1
13 0 3 9 0 2
haar_x2
1.724356e-05 0 1
2
12 11 8 6 0 -1
12 11 4 6 0 2
haar_x2
1.958271e-05 -1 -2
-9.424213e-01 -9.552898e-01 1.688395e-01 
2
2
0 1 8 8 0 -1
4 1 4 8 0 2
haar_x2
2.136659e-05 0 1
2
0 17 13 2 0 -1
0 18 13 1 0 2
haar_y2
-1.683979e-05 -1 -2
-9.943294e-01 3.440722e-01 -9.080889e-01 
2
2
6 14 14 5 0 -1
6 14 7 5 0 2
haar_x2
2.515490e-02 1 0
3
13 0 6 18 0 -1
16 0 3 9 0 2
13 9 3 9 0 2
haar_x2_y2
3.515020e-02 -1 -2
3.076310e-01 -4.032815e-01 3.250506e-01 
2
2
8 5 4 6 0 -1
8 7 4 2 0 3
haar_y3
-6.841272e-03 0 1
2
8 3 3 9 0 -1
8 6 3 3 0 3
haar_y3
5.740181e-02 -1 -2
4.304459e-01 -8.228735e-01 5.967420e-01 
-1.247536e+00

2
-1
