22
2
2
0 12 8 7 0 -1
4 12 4 7 0 2
haar_x2
2.104558e-05 0 1
2
0 0 18 20 0 -1
9 0 9 20 0 2
haar_x2
9.106041e-02 -1 -2
-9.858115e-01 -9.517890e-01 5.786361e-01 
2
2
4 0 16 2 0 -1
4 0 8 2 0 2
haar_x2
1.363014e-05 1 0
2
2 0 18 2 0 -1
2 0 9 2 0 2
haar_x2
-1.467734e-05 -1 -2
7.733271e-02 2.208170e-01 -5.794763e-01 
2
2
1 7 6 4 0 -1
3 7 2 4 0 3
haar_x3
-1.507703e-05 1 0
2
0 4 1 15 0 -1
0 9 1 5 0 3
haar_y3
-2.362955e-04 -1 -2
-8.793506e-01 -9.667631e-01 5.822442e-01 
2
2
5 0 10 8 0 -1
5 4 10 4 0 2
haar_y2
6.996626e-02 1 0
2
8 18 12 2 0 -1
8 18 6 2 0 2
haar_x2
4.971525e-03 -1 -2
2.492424e-01 -3.822564e-01 1.418928e-01 
2
2
4 0 12 18 0 -1
4 9 12 9 0 2
haar_y2
2.156787e-05 1 0
2
7 6 5 4 0 -1
7 8 5 2 0 2
haar_y2
-4.309038e-02 -1 -2
6.492208e-02 1.000000e+00 -9.257053e-01 
2
2
0 14 20 6 0 -1
0 17 20 3 0 2
haar_y2
-1.232702e-03 0 1
2
11 0 3 15 0 -1
11 5 3 5 0 3
haar_y3
-1.646181e-02 -1 -2
8.269332e-02 5.267531e-01 -4.868806e-01 
2
2
0 4 20 16 0 -1
0 12 20 8 0 2
haar_y2
-4.867520e-04 0 1
2
1 14 14 6 0 -1
1 17 14 3 0 2
haar_y2
-1.029939e-01 -1 -2
9.608763e-02 8.177776e-01 -9.407323e-01 
2
2
6 13 14 6 0 -1
6 13 7 6 0 2
haar_x2
3.188895e-02 1 0
3
14 0 6 16 0 -1
17 0 3 8 0 2
14 8 3 8 0 2
haar_x2_y2
2.155098e-05 -1 -2
2.863173e-01 -7.224359e-01 -3.344931e-02 
2
2
4 9 12 1 0 -1
8 9 4 1 0 3
haar_x3
-1.247761e-02 0 1
2
9 14 1 6 0 -1
9 16 1 2 0 3
haar_y3
1.262417e-02 -1 -2
4.989721e-01 -8.662843e-01 7.442784e-01 
2
2
6 12 14 8 0 -1
6 12 7 8 0 2
haar_x2
2.486620e-04 1 0
3
14 0 6 16 0 -1
17 0 3 8 0 2
14 8 3 8 0 2
haar_x2_y2
2.155098e-05 -1 -2
3.353044e-01 -8.898545e-01 1.317720e-01 
2
2
0 12 14 8 0 -1
7 12 7 8 0 2
haar_x2
1.383665e-02 0 1
2
2 4 13 16 0 -1
2 12 13 8 0 2
haar_y2
-3.127796e-05 -1 -2
-9.941270e-01 7.063254e-02 -9.838742e-01 
2
2
2 0 18 18 0 -1
2 9 18 9 0 2
haar_y2
3.705050e-02 1 0
2
8 10 4 10 0 -1
8 15 4 5 0 2
haar_y2
-3.989319e-03 -1 -2
2.870142e-01 1.042369e-01 -9.306670e-01 
2
2
0 10 8 6 0 -1
4 10 4 6 0 2
haar_x2
1.871120e-05 0 1
2
0 0 18 18 0 -1
9 0 9 18 0 2
haar_x2
4.332996e-02 -1 -2
-9.985888e-01 -9.990947e-01 -6.091036e-02 
2
2
12 5 8 7 0 -1
12 5 4 7 0 2
haar_x2
3.380854e-05 1 0
2
15 9 4 1 0 -1
15 9 2 1 0 2
haar_x2
1.454757e-05 -1 -2
5.937486e-02 -9.640515e-01 6.838798e-02 
2
2
0 2 8 7 0 -1
4 2 4 7 0 2
haar_x2
1.693523e-05 1 0
2
6 2 3 4 0 -1
6 4 3 2 0 2
haar_y2
1.294605e-04 -1 -2
3.437367e-02 1.000000e+00 -9.739131e-01 
2
2
12 7 8 13 0 -1
12 7 4 13 0 2
haar_x2
8.859521e-03 1 0
2
3 1 15 12 0 -1
3 5 15 4 0 3
haar_y3
3.064501e-04 -1 -2
4.116527e-02 -9.513076e-01 -1.159220e-01 
2
2
0 0 14 8 0 -1
0 4 14 4 0 2
haar_y2
7.116590e-04 1 0
2
0 0 14 5 0 -1
7 0 7 5 0 2
haar_x2
6.268014e-02 -1 -2
-2.356991e-02 -1.000000e+00 1.000003e+00 
2
2
6 0 9 8 0 -1
6 4 9 4 0 2
haar_y2
6.009823e-04 0 1
2
12 7 8 13 0 -1
12 7 4 13 0 2
haar_x2
8.602288e-03 -1 -2
-9.997033e-01 -9.836701e-01 2.776172e-02 
2
2
0 3 8 4 0 -1
4 3 4 4 0 2
haar_x2
1.581880e-05 1 0
2
0 18 6 2 0 -1
3 18 3 2 0 2
haar_x2
2.481519e-05 -1 -2
1.548162e-01 8.016922e-01 -9.741377e-01 
2
2
10 5 1 12 0 -1
10 9 1 4 0 3
haar_y3
-7.072776e-03 0 1
2
8 8 4 4 0 -1
8 10 4 2 0 2
haar_y2
-1.634188e-05 -1 -2
4.883476e-01 -1.965757e-04 -9.235339e-01 
2
2
0 7 8 13 0 -1
4 7 4 13 0 2
haar_x2
8.351597e-05 0 1
2
0 5 8 7 0 -1
4 5 4 7 0 2
haar_x2
2.498035e-05 -1 -2
-9.995394e-01 -9.982685e-01 2.911118e-01 
2
2
9 4 2 9 0 -1
9 7 2 3 0 3
haar_y3
-2.490496e-03 0 1
2
8 14 4 6 0 -1
8 17 4 3 0 2
haar_y2
-3.604335e-02 -1 -2
5.680650e-01 5.368553e-01 -8.024373e-01 
-1.163483e+00

3
-1
