438
2
2
0 5 10 13 0 -1
5 5 5 13 0 2
haar_x2
6.754249e-02 0 1
2
0 16 15 4 0 -1
0 18 15 2 0 2
haar_y2
-2.453576e-04 -1 -2
-9.107227e-01 8.308398e-01 -9.335179e-01 
2
2
1 14 18 4 0 -1
7 14 6 4 0 3
haar_x3
7.757564e-02 1 0
2
2 0 18 2 0 -1
2 0 9 2 0 2
haar_x2
-7.587944e-04 -1 -2
7.033021e-01 -8.421868e-01 2.045119e-01 
2
3
0 0 14 8 0 -1
0 0 7 4 0 2
7 4 7 4 0 2
haar_x2_y2
3.227746e-02 0 1
2
1 1 6 8 0 -1
4 1 3 8 0 2
haar_x2
1.493746e-05 -1 -2
-8.793815e-01 -9.889823e-01 5.640153e-01 
2
2
1 0 19 14 0 -1
1 7 19 7 0 2
haar_y2
2.527211e-03 0 1
2
1 6 19 14 0 -1
1 13 19 7 0 2
haar_y2
-5.963093e-05 -1 -2
-9.850635e-01 3.060622e-01 -9.420548e-01 
2
2
1 13 6 7 0 -1
4 13 3 7 0 2
haar_x2
1.709910e-05 0 1
2
2 0 16 18 0 -1
10 0 8 18 0 2
haar_x2
2.341611e-05 -1 -2
-9.624591e-01 -9.693633e-01 4.831476e-01 
2
3
7 3 10 4 0 -1
12 3 5 2 0 2
7 5 5 2 0 2
haar_x2_y2
-9.855818e-03 0 1
2
1 11 18 5 0 -1
7 11 6 5 0 3
haar_x3
1.714455e-01 -1 -2
3.148717e-01 -7.882994e-01 4.868554e-01 
2
2
0 1 9 6 0 -1
0 4 9 3 0 2
haar_y2
1.537583e-05 1 0
3
1 3 12 4 0 -1
1 3 6 2 0 2
7 5 6 2 0 2
haar_x2_y2
-2.425477e-02 -1 -2
3.171192e-01 8.547997e-01 -8.259591e-01 
2
2
6 8 9 6 0 -1
9 8 3 6 0 3
haar_x3
-1.169083e-02 0 1
3
7 1 10 4 0 -1
12 1 5 2 0 2
7 3 5 2 0 2
haar_x2_y2
1.668779e-05 -1 -2
4.103384e-01 -9.185013e-01 -2.395151e-01 
2
2
0 8 16 12 0 -1
8 8 8 12 0 2
haar_x2
4.230510e-02 1 0
2
0 10 9 3 0 -1
3 10 3 3 0 3
haar_x3
5.254643e-02 -1 -2
1.800630e-01 -9.879099e-01 9.564999e-01 
2
2
12 0 8 10 0 -1
12 0 4 10 0 2
haar_x2
3.307370e-05 1 0
2
8 0 4 12 0 -1
8 4 4 4 0 3
haar_y3
1.348515e-03 -1 -2
1.851486e-01 -9.494382e-01 -1.274229e-01 
2
2
2 13 12 2 0 -1
6 13 4 2 0 3
haar_x3
-7.861126e-03 0 1
2
6 8 3 12 0 -1
6 12 3 4 0 3
haar_y3
7.722840e-02 -1 -2
4.945916e-01 -9.861604e-01 5.732467e-01 
2
2
4 0 16 16 0 -1
4 8 16 8 0 2
haar_y2
1.102858e-02 1 0
3
11 7 2 12 0 -1
12 7 1 6 0 2
11 13 1 6 0 2
haar_x2_y2
-4.954172e-05 -1 -2
6.333934e-02 5.668989e-02 -9.862880e-01 
2
2
0 0 18 10 0 -1
6 0 6 10 0 3
haar_x3
1.334187e-02 1 0
2
8 2 4 12 0 -1
8 6 4 4 0 3
haar_y3
-4.878034e-02 -1 -2
2.400316e-01 1.000000e+00 -9.169664e-01 
2
2
11 6 4 2 0 -1
11 6 2 2 0 2
haar_x2
1.255618e-04 1 0
2
16 1 3 7 0 -1
17 1 1 7 0 3
haar_x3
-1.834836e-05 -1 -2
-3.411444e-01 -2.747374e-01 -9.973803e-01 
2
2
0 6 8 5 0 -1
4 6 4 5 0 2
haar_x2
5.774184e-05 1 0
2
1 0 6 14 0 -1
4 0 3 14 0 2
haar_x2
1.250405e-03 -1 -2
6.307993e-01 1.000000e+00 -1.000000e+00 
2
3
4 3 16 6 0 -1
12 3 8 3 0 2
4 6 8 3 0 2
haar_x2_y2
4.237482e-03 0 1
2
18 0 2 1 0 -1
18 0 1 1 0 2
haar_x2
-1.488734e-04 -1 -2
-9.993146e-01 -1.000000e+00 -9.981734e-01 
2
2
0 5 8 15 0 -1
4 5 4 15 0 2
haar_x2
3.135377e-04 1 0
3
0 3 4 10 0 -1
0 3 2 5 0 2
2 8 2 5 0 2
haar_x2_y2
1.140315e-02 -1 -2
8.532999e-01 -1.000000e+00 1.000023e+00 
2
3
4 3 16 6 0 -1
12 3 8 3 0 2
4 6 8 3 0 2
haar_x2_y2
4.237482e-03 0 1
2
8 7 12 2 0 -1
8 8 12 1 0 2
haar_y2
8.078305e-04 -1 -2
-9.984970e-01 -9.994813e-01 -3.470439e-01 
2
2
0 0 18 18 0 -1
9 0 9 18 0 2
haar_x2
3.952330e-03 0 1
2
0 0 18 18 0 -1
9 0 9 18 0 2
haar_x2
3.952330e-03 -1 -2
-1.000000e+00 -1.000000e+00 8.588250e-01 
2
2
11 4 9 3 0 -1
14 4 3 3 0 3
haar_x3
1.579911e-05 0 1
2
11 4 9 3 0 -1
14 4 3 3 0 3
haar_x3
1.579911e-05 -1 -2
-9.996414e-01 -9.996414e-01 -7.973706e-01 
2
2
0 7 8 11 0 -1
4 7 4 11 0 2
haar_x2
8.351597e-05 1 0
2
0 0 2 1 0 -1
1 0 1 1 0 2
haar_x2
0.000000e+00 -1 -2
8.749630e-01 0.000000e+00 1.000000e+00 
2
2
6 13 14 1 0 -1
6 13 7 1 0 2
haar_x2
7.267080e-04 0 1
2
6 7 14 6 0 -1
6 10 14 3 0 2
haar_y2
1.152528e-01 -1 -2
-1.000000e+00 -9.996246e-01 1.000000e+00 
2
3
0 0 18 16 0 -1
0 0 9 8 0 2
9 8 9 8 0 2
haar_x2_y2
1.391646e-01 0 1
3
0 0 18 16 0 -1
0 0 9 8 0 2
9 8 9 8 0 2
haar_x2_y2
1.391646e-01 -1 -2
-1.000000e+00 -1.000000e+00 1.055241e+00 
1
2
18 0 2 1 0 -1
18 0 1 1 0 2
haar_x2
0.000000e+00 0 -1
0.000000e+00 -1.000000e+00 
2
2
0 0 16 19 0 -1
8 0 8 19 0 2
haar_x2
6.788895e-04 0 1
2
0 0 16 19 0 -1
8 0 8 19 0 2
haar_x2
6.788895e-04 -1 -2
-1.000000e+00 -1.000000e+00 9.925283e-01 
1
2
18 0 2 1 0 -1
18 0 1 1 0 2
haar_x2
0.000000e+00 0 -1
0.000000e+00 -1.000000e+00 
2
2
0 7 8 12 0 -1
4 7 4 12 0 2
haar_x2
1.648775e-04 1 0
2
0 0 2 1 0 -1
1 0 1 1 0 2
haar_x2
0.000000e+00 -1 -2
9.663951e-01 0.000000e+00 1.000000e+00 
1
2
18 0 2 1 0 -1
18 0 1 1 0 2
haar_x2
-2.342912e-04 0 -1
0.000000e+00 -1.000000e+00 
2
2
0 7 8 12 0 -1
4 7 4 12 0 2
haar_x2
1.648775e-04 1 0
2
0 0 2 1 0 -1
1 0 1 1 0 2
haar_x2
0.000000e+00 -1 -2
9.392208e-01 0.000000e+00 1.000000e+00 
1
2
18 0 2 1 0 -1
18 0 1 1 0 2
haar_x2
-1.904451e-03 0 -1
0.000000e+00 -1.000000e+00 
2
2
0 7 8 12 0 -1
4 7 4 12 0 2
haar_x2
1.648775e-04 1 0
2
0 0 2 1 0 -1
1 0 1 1 0 2
haar_x2
6.818529e-04 -1 -2
9.393454e-01 1.000000e+00 -1.000000e+00 
2
2
6 1 14 4 0 -1
6 3 14 2 0 2
haar_y2
9.101391e-02 0 1
2
4 4 16 3 0 -1
4 4 8 3 0 2
haar_x2
1.075489e-01 -1 -2
-1.000000e+00 -9.997337e-01 1.000000e+00 
2
2
0 0 18 16 0 -1
9 0 9 16 0 2
haar_x2
6.885321e-02 0 1
2
0 0 18 16 0 -1
9 0 9 16 0 2
haar_x2
6.885321e-02 -1 -2
-1.000000e+00 -1.000000e+00 1.075330e+00 
1
2
18 0 2 1 0 -1
18 0 1 1 0 2
haar_x2
0.000000e+00 0 -1
0.000000e+00 -1.000000e+00 
2
2
0 1 8 15 0 -1
0 6 8 5 0 3
haar_y3
1.116424e-02 0 1
2
0 1 8 15 0 -1
0 6 8 5 0 3
haar_y3
1.116424e-02 -1 -2
-1.000000e+00 -1.000000e+00 1.000089e+00 
1
2
18 0 2 1 0 -1
18 0 1 1 0 2
haar_x2
0.000000e+00 0 -1
0.000000e+00 -1.000000e+00 
2
2
0 0 8 18 0 -1
4 0 4 18 0 2
haar_x2
6.200245e-04 0 1
2
0 0 8 18 0 -1
4 0 4 18 0 2
haar_x2
6.200245e-04 -1 -2
-1.000000e+00 -1.000000e+00 9.183800e-01 
2
3
4 3 16 2 0 -1
12 3 8 1 0 2
4 4 8 1 0 2
haar_x2_y2
1.464935e-02 0 1
2
4 7 16 1 0 -1
4 7 8 1 0 2
haar_x2
-3.422953e-03 -1 -2
-1.000000e+00 -4.295245e-01 -1.000000e+00 
2
2
0 8 8 10 0 -1
4 8 4 10 0 2
haar_x2
1.461529e-04 0 1
2
0 8 8 10 0 -1
4 8 4 10 0 2
haar_x2
1.461529e-04 -1 -2
-1.000000e+00 -1.000000e+00 9.335213e-01 
2
3
7 5 6 4 0 -1
10 5 3 2 0 2
7 7 3 2 0 2
haar_x2_y2
-1.026862e-03 0 1
2
10 2 10 6 0 -1
10 2 5 6 0 2
haar_x2
2.876123e-02 -1 -2
1.000000e+00 -1.000000e+00 -2.734529e-01 
2
2
1 12 12 6 0 -1
5 12 4 6 0 3
haar_x3
2.263283e-03 0 1
3
4 5 4 6 0 -1
4 5 2 3 0 2
6 8 2 3 0 2
haar_x2_y2
9.146296e-04 -1 -2
-1.000000e+00 -1.000000e+00 1.000628e+00 
1
2
18 0 2 1 0 -1
18 0 1 1 0 2
haar_x2
0.000000e+00 0 -1
0.000000e+00 -1.000000e+00 
2
2
0 2 18 14 0 -1
9 2 9 14 0 2
haar_x2
4.862316e-03 1 0
2
0 0 2 1 0 -1
1 0 1 1 0 2
haar_x2
0.000000e+00 -1 -2
9.736354e-01 0.000000e+00 1.000000e+00 
1
2
18 0 2 1 0 -1
18 0 1 1 0 2
haar_x2
-8.247064e-04 0 -1
0.000000e+00 -1.000000e+00 
2
2
5 0 9 8 0 -1
5 4 9 4 0 2
haar_y2
2.401516e-05 1 0
2
0 0 1 16 0 -1
0 8 1 8 0 2
haar_y2
-7.852754e-03 -1 -2
9.578445e-01 -1.000000e+00 1.000000e+00 
2
2
6 14 12 6 0 -1
6 16 12 2 0 3
haar_y3
1.278562e-02 0 1
2
18 2 2 16 0 -1
18 2 1 16 0 2
haar_x2
0.000000e+00 -1 -2
-1.000000e+00 0.000000e+00 -9.997014e-01 
2
2
0 2 18 15 0 -1
9 2 9 15 0 2
haar_x2
1.099807e-02 1 0
2
0 0 2 1 0 -1
1 0 1 1 0 2
haar_x2
0.000000e+00 -1 -2
9.436941e-01 0.000000e+00 1.000000e+00 
2
2
6 14 13 2 0 -1
6 15 13 1 0 2
haar_y2
1.381001e-03 0 1
2
14 8 6 11 0 -1
14 8 3 11 0 2
haar_x2
2.967008e-03 -1 -2
-1.000000e+00 -1.000000e+00 -1.668046e-01 
2
2
0 5 18 14 0 -1
9 5 9 14 0 2
haar_x2
2.499670e-03 1 0
2
0 0 2 1 0 -1
1 0 1 1 0 2
haar_x2
0.000000e+00 -1 -2
1.009650e+00 0.000000e+00 1.000000e+00 
1
2
18 0 2 1 0 -1
18 0 1 1 0 2
haar_x2
0.000000e+00 0 -1
0.000000e+00 -1.000000e+00 
2
2
0 0 9 16 0 -1
0 8 9 8 0 2
haar_y2
6.544448e-04 1 0
2
0 0 18 12 0 -1
0 4 18 4 0 3
haar_y3
2.463027e-01 -1 -2
7.904768e-01 -1.000000e+00 1.000009e+00 
1
2
18 0 2 1 0 -1
18 0 1 1 0 2
haar_x2
-4.915503e-03 0 -1
0.000000e+00 -1.000000e+00 
2
2
0 0 15 8 0 -1
0 4 15 4 0 2
haar_y2
1.534010e-02 1 0
2
0 0 2 1 0 -1
1 0 1 1 0 2
haar_x2
3.692022e-05 -1 -2
9.491817e-01 1.000000e+00 -1.000000e+00 
2
2
11 1 5 6 0 -1
11 4 5 3 0 2
haar_y2
5.397325e-04 0 1
3
6 2 14 16 0 -1
13 2 7 8 0 2
6 10 7 8 0 2
haar_x2_y2
-7.698870e-02 -1 -2
-1.000000e+00 1.000000e+00 -9.999999e-01 
1
2
0 0 2 1 0 -1
1 0 1 1 0 2
haar_x2
0.000000e+00 0 -1
0.000000e+00 -1.000000e+00 
2
2
4 9 16 4 0 -1
4 9 8 4 0 2
haar_x2
1.216131e-03 0 1
2
4 9 16 4 0 -1
4 9 8 4 0 2
haar_x2
1.216131e-03 -1 -2
-9.997317e-01 -9.997317e-01 1.000000e+00 
1
2
0 0 2 1 0 -1
1 0 1 1 0 2
haar_x2
0.000000e+00 0 -1
0.000000e+00 -1.000000e+00 
2
2
2 5 18 9 0 -1
2 5 9 9 0 2
haar_x2
-5.257486e-04 0 1
2
2 5 18 9 0 -1
2 5 9 9 0 2
haar_x2
-5.257486e-04 -1 -2
1.000000e+00 1.000000e+00 -9.914860e-01 
2
2
0 7 8 11 0 -1
4 7 4 11 0 2
haar_x2
8.351597e-05 1 0
2
0 0 2 1 0 -1
1 0 1 1 0 2
haar_x2
0.000000e+00 -1 -2
9.866042e-01 0.000000e+00 1.000000e+00 
2
2
8 12 10 2 0 -1
8 12 5 2 0 2
haar_x2
-2.003396e-03 0 1
2
9 0 11 12 0 -1
9 6 11 6 0 2
haar_y2
3.789219e-02 -1 -2
5.546612e-01 -1.000000e+00 6.389301e-01 
1
2
0 0 2 1 0 -1
1 0 1 1 0 2
haar_x2
-2.802880e-03 0 -1
0.000000e+00 -1.000000e+00 
2
2
11 2 8 7 0 -1
11 2 4 7 0 2
haar_x2
5.590062e-04 1 0
3
18 0 2 2 0 -1
19 0 1 1 0 2
18 1 1 1 0 2
haar_x2_y2
2.044052e-05 -1 -2
9.739552e-01 -9.231419e-01 1.036138e-01 
2
2
2 11 2 7 0 -1
3 11 1 7 0 2
haar_x2
4.657886e-03 0 1
3
0 0 6 12 0 -1
0 0 3 6 0 2
3 6 3 6 0 2
haar_x2_y2
1.590882e-02 -1 -2
-1.000000e+00 -1.000000e+00 1.000029e+00 
1
2
18 0 2 1 0 -1
18 0 1 1 0 2
haar_x2
0.000000e+00 0 -1
0.000000e+00 -1.000000e+00 
1
2
0 0 2 1 0 -1
1 0 1 1 0 2
haar_x2
0.000000e+00 0 -1
0.000000e+00 -1.000000e+00 
2
2
6 10 14 9 0 -1
6 10 7 9 0 2
haar_x2
4.042265e-03 0 1
2
6 10 14 9 0 -1
6 10 7 9 0 2
haar_x2
4.042265e-03 -1 -2
-9.687535e-01 -9.687535e-01 1.000000e+00 
2
2
0 1 8 8 0 -1
4 1 4 8 0 2
haar_x2
3.619888e-02 0 1
2
0 1 8 8 0 -1
4 1 4 8 0 2
haar_x2
3.619888e-02 -1 -2
-1.000000e+00 -1.000000e+00 1.000028e+00 
1
2
18 0 2 1 0 -1
18 0 1 1 0 2
haar_x2
0.000000e+00 0 -1
0.000000e+00 -1.000000e+00 
2
2
0 14 17 6 0 -1
0 17 17 3 0 2
haar_y2
-6.993683e-04 0 1
2
0 0 2 1 0 -1
1 0 1 1 0 2
haar_x2
0.000000e+00 -1 -2
1.000000e+00 0.000000e+00 -1.000000e+00 
2
2
2 0 18 16 0 -1
2 0 9 16 0 2
haar_x2
3.841305e-04 0 1
2
2 0 18 16 0 -1
2 0 9 16 0 2
haar_x2
3.841305e-04 -1 -2
-9.734815e-01 -9.734815e-01 1.000000e+00 
1
2
0 0 2 1 0 -1
1 0 1 1 0 2
haar_x2
0.000000e+00 0 -1
0.000000e+00 -1.000000e+00 
2
2
2 0 18 16 0 -1
2 0 9 16 0 2
haar_x2
-7.623436e-05 0 1
2
2 0 18 16 0 -1
2 0 9 16 0 2
haar_x2
-7.623436e-05 -1 -2
1.000000e+00 1.000000e+00 -9.422244e-01 
2
2
0 9 16 10 0 -1
8 9 8 10 0 2
haar_x2
3.061162e-03 1 0
2
0 0 2 1 0 -1
1 0 1 1 0 2
haar_x2
0.000000e+00 -1 -2
9.970850e-01 0.000000e+00 1.000000e+00 
2
2
2 0 18 19 0 -1
2 0 9 19 0 2
haar_x2
9.800589e-04 0 1
2
2 0 18 19 0 -1
2 0 9 19 0 2
haar_x2
9.800589e-04 -1 -2
-9.825020e-01 -9.825020e-01 1.000000e+00 
1
2
0 0 2 1 0 -1
1 0 1 1 0 2
haar_x2
0.000000e+00 0 -1
0.000000e+00 -1.000000e+00 
2
2
2 0 18 16 0 -1
2 0 9 16 0 2
haar_x2
-5.242176e-04 0 1
2
2 0 18 16 0 -1
2 0 9 16 0 2
haar_x2
-5.242176e-04 -1 -2
1.000000e+00 1.000000e+00 -9.227867e-01 
2
2
0 10 16 9 0 -1
8 10 8 9 0 2
haar_x2
2.266713e-03 1 0
2
0 0 2 1 0 -1
1 0 1 1 0 2
haar_x2
0.000000e+00 -1 -2
9.889030e-01 0.000000e+00 1.000000e+00 
2
2
2 0 18 17 0 -1
2 0 9 17 0 2
haar_x2
-1.323772e-03 0 1
2
2 0 18 17 0 -1
2 0 9 17 0 2
haar_x2
-1.323772e-03 -1 -2
9.216395e-01 9.216395e-01 -9.708915e-01 
2
2
0 5 10 3 0 -1
5 5 5 3 0 2
haar_x2
5.819353e-05 1 0
2
0 0 2 1 0 -1
1 0 1 1 0 2
haar_x2
-7.373255e-03 -1 -2
9.036904e-01 -1.000000e+00 9.999998e-01 
1
2
10 7 6 1 0 -1
12 7 2 1 0 3
haar_x3
-1.406752e-04 0 -1
6.233086e-01 -9.974916e-01 
2
2
3 0 4 9 0 -1
5 0 2 9 0 2
haar_x2
6.875853e-05 1 0
2
0 0 8 6 0 -1
0 3 8 3 0 2
haar_y2
5.956511e-03 -1 -2
7.209714e-01 1.000000e+00 -1.000000e+00 
1
2
18 0 2 1 0 -1
18 0 1 1 0 2
haar_x2
-7.904602e-04 0 -1
0.000000e+00 -1.000000e+00 
2
2
0 0 20 12 0 -1
0 4 20 4 0 3
haar_y3
3.905059e-03 0 1
3
1 0 8 8 0 -1
1 0 4 4 0 2
5 4 4 4 0 2
haar_x2_y2
1.945195e-05 -1 -2
-1.000000e+00 -9.955460e-01 9.999983e-01 
1
2
18 0 2 1 0 -1
18 0 1 1 0 2
haar_x2
0.000000e+00 0 -1
0.000000e+00 -1.000000e+00 
2
2
2 11 6 3 0 -1
5 11 3 3 0 2
haar_x2
2.472385e-05 0 1
2
0 0 17 16 0 -1
0 8 17 8 0 2
haar_y2
4.754821e-03 -1 -2
-1.000000e+00 -1.000000e+00 1.000005e+00 
1
2
18 0 2 1 0 -1
18 0 1 1 0 2
haar_x2
0.000000e+00 0 -1
0.000000e+00 -1.000000e+00 
1
2
0 0 2 1 0 -1
1 0 1 1 0 2
haar_x2
0.000000e+00 0 -1
0.000000e+00 -1.000000e+00 
2
2
2 0 18 16 0 -1
2 0 9 16 0 2
haar_x2
1.014386e-04 1 0
2
18 0 2 1 0 -1
18 0 1 1 0 2
haar_x2
2.403678e-05 -1 -2
9.933445e-01 -5.612108e-01 1.000000e+00 
1
2
0 0 14 19 0 -1
7 0 7 19 0 2
haar_x2
5.045697e-04 0 -1
-1.000000e+00 1.000000e+00 
1
2
18 0 2 1 0 -1
18 0 1 1 0 2
haar_x2
0.000000e+00 0 -1
0.000000e+00 -1.000000e+00 
1
2
0 0 2 1 0 -1
1 0 1 1 0 2
haar_x2
0.000000e+00 0 -1
0.000000e+00 -1.000000e+00 
2
2
2 3 18 16 0 -1
2 3 9 16 0 2
haar_x2
-1.055071e-03 0 1
2
2 3 18 16 0 -1
2 3 9 16 0 2
haar_x2
-1.055071e-03 -1 -2
9.928195e-01 9.928195e-01 -8.521240e-01 
2
2
0 4 18 16 0 -1
9 4 9 16 0 2
haar_x2
2.361399e-02 1 0
2
0 0 2 1 0 -1
1 0 1 1 0 2
haar_x2
-1.992999e-03 -1 -2
9.307597e-01 -1.000000e+00 1.000000e+00 
2
2
11 16 7 4 0 -1
11 18 7 2 0 2
haar_y2
-7.505716e-05 1 0
2
16 1 2 3 0 -1
16 1 1 3 0 2
haar_x2
1.780734e-05 -1 -2
-9.873826e-01 -9.393753e-01 5.334046e-01 
2
2
0 9 16 10 0 -1
8 9 8 10 0 2
haar_x2
9.174181e-05 1 0
2
0 0 2 1 0 -1
1 0 1 1 0 2
haar_x2
0.000000e+00 -1 -2
7.742830e-01 0.000000e+00 1.000000e+00 
2
2
11 8 6 2 0 -1
13 8 2 2 0 3
haar_x3
-3.053759e-03 0 1
2
12 4 4 6 0 -1
12 6 4 2 0 3
haar_y3
-7.755080e-04 -1 -2
4.610385e-01 1.441206e-01 -9.348385e-01 
2
3
0 7 18 2 0 -1
0 7 9 1 0 2
9 8 9 1 0 2
haar_x2_y2
-5.802063e-05 0 1
2
4 9 6 3 0 -1
6 9 2 3 0 3
haar_x3
-6.508905e-03 -1 -2
9.468812e-01 9.352413e-01 -9.690970e-01 
2
2
4 8 16 7 0 -1
4 8 8 7 0 2
haar_x2
5.196537e-03 1 0
3
2 2 18 14 0 -1
11 2 9 7 0 2
2 9 9 7 0 2
haar_x2_y2
-1.857900e-02 -1 -2
6.324484e-01 7.356380e-01 -7.056729e-01 
2
2
7 2 6 9 0 -1
9 2 2 9 0 3
haar_x3
-7.449603e-04 1 0
2
0 1 1 18 0 -1
0 10 1 9 0 2
haar_y2
1.306823e-03 -1 -2
-9.686899e-01 1.000000e+00 -1.000001e+00 
2
2
11 16 7 4 0 -1
11 18 7 2 0 2
haar_y2
-2.141718e-05 1 0
2
18 0 2 1 0 -1
18 0 1 1 0 2
haar_x2
-5.110704e-05 -1 -2
-8.784792e-01 -1.000000e+00 -5.136670e-01 
2
2
0 9 16 11 0 -1
8 9 8 11 0 2
haar_x2
3.635834e-03 1 0
2
0 0 2 1 0 -1
1 0 1 1 0 2
haar_x2
-8.620094e-04 -1 -2
8.622490e-01 -1.000000e+00 1.000000e+00 
2
2
9 0 9 10 0 -1
12 0 3 10 0 3
haar_x3
-1.025241e-03 0 1
2
4 10 12 3 0 -1
8 10 4 3 0 3
haar_x3
5.984985e-02 -1 -2
3.564757e-01 -8.180549e-01 8.309650e-01 
2
2
2 17 7 2 0 -1
2 18 7 1 0 2
haar_y2
-1.834836e-05 1 0
2
0 0 8 1 0 -1
4 0 4 1 0 2
haar_x2
3.393503e-04 -1 -2
-9.796444e-01 1.000000e+00 -1.000002e+00 
2
2
9 2 7 6 0 -1
9 5 7 3 0 2
haar_y2
9.957908e-03 1 0
2
8 3 8 14 0 -1
8 10 8 7 0 2
haar_y2
-1.765226e-02 -1 -2
6.674123e-01 6.304502e-01 -8.072879e-01 
2
3
0 7 18 6 0 -1
0 7 9 3 0 2
9 10 9 3 0 2
haar_x2_y2
1.581863e-03 1 0
2
0 0 2 1 0 -1
1 0 1 1 0 2
haar_x2
-1.808640e-05 -1 -2
6.928759e-01 -1.000000e+00 9.999997e-01 
2
2
19 0 1 12 0 -1
19 4 1 4 0 3
haar_y3
-1.649413e-02 0 1
2
18 0 2 1 0 -1
18 0 1 1 0 2
haar_x2
-4.123532e-04 -1 -2
-1.000000e+00 -1.000000e+00 -9.965490e-01 
2
2
0 6 18 11 0 -1
9 6 9 11 0 2
haar_x2
2.944199e-02 1 0
2
0 0 2 1 0 -1
1 0 1 1 0 2
haar_x2
-1.740061e-04 -1 -2
8.331727e-01 -1.000000e+00 1.000000e+00 
2
2
4 12 16 4 0 -1
4 12 8 4 0 2
haar_x2
-4.545284e-02 0 1
2
12 0 8 7 0 -1
12 0 4 7 0 2
haar_x2
2.197007e-03 -1 -2
1.000000e+00 -1.000000e+00 1.000000e+00 
1
2
0 0 2 1 0 -1
1 0 1 1 0 2
haar_x2
0.000000e+00 0 -1
0.000000e+00 -1.000000e+00 
2
2
7 4 12 6 0 -1
7 7 12 3 0 2
haar_y2
6.346876e-04 0 1
3
4 1 16 14 0 -1
12 1 8 7 0 2
4 8 8 7 0 2
haar_x2_y2
-2.049290e-03 -1 -2
-9.971530e-01 3.226632e-01 -9.817389e-01 
2
2
0 17 14 2 0 -1
0 18 14 1 0 2
haar_y2
-2.565147e-05 1 0
2
0 16 2 4 0 -1
1 16 1 4 0 2
haar_x2
8.628236e-04 -1 -2
-9.999998e-01 1.000000e+00 -1.000003e+00 
2
2
12 10 6 3 0 -1
14 10 2 3 0 3
haar_x3
-2.808657e-05 0 1
2
7 7 10 1 0 -1
7 7 5 1 0 2
haar_x2
2.213054e-03 -1 -2
4.730543e-01 -9.431579e-01 6.675600e-01 
2
2
7 0 4 20 0 -1
7 10 4 10 0 2
haar_y2
2.320025e-02 1 0
2
0 0 3 13 0 -1
1 0 1 13 0 3
haar_x3
1.172465e-02 -1 -2
1.000008e+00 -1.000000e+00 1.000001e+00 
1
2
18 0 2 1 0 -1
18 0 1 1 0 2
haar_x2
0.000000e+00 0 -1
0.000000e+00 -1.000000e+00 
1
2
0 0 10 8 0 -1
5 0 5 8 0 2
haar_x2
2.353685e-03 0 -1
-1.000000e+00 1.000000e+00 
1
2
18 0 2 1 0 -1
18 0 1 1 0 2
haar_x2
0.000000e+00 0 -1
0.000000e+00 -1.000000e+00 
1
2
0 0 2 1 0 -1
1 0 1 1 0 2
haar_x2
0.000000e+00 0 -1
0.000000e+00 -1.000000e+00 
2
2
7 0 13 8 0 -1
7 4 13 4 0 2
haar_y2
6.323932e-03 0 1
2
7 0 13 8 0 -1
7 4 13 4 0 2
haar_y2
6.323932e-03 -1 -2
-1.000000e+00 -1.000000e+00 8.760256e-01 
1
2
0 0 2 1 0 -1
1 0 1 1 0 2
haar_x2
2.032528e-05 0 -1
-1.000000e+00 1.000000e+00 
1
2
18 0 2 1 0 -1
18 0 1 1 0 2
haar_x2
0.000000e+00 0 -1
0.000000e+00 -1.000000e+00 
1
2
0 0 10 12 0 -1
5 0 5 12 0 2
haar_x2
2.548205e-03 0 -1
-1.000000e+00 1.000000e+00 
1
2
18 0 2 1 0 -1
18 0 1 1 0 2
haar_x2
0.000000e+00 0 -1
0.000000e+00 -1.000000e+00 
1
2
0 0 2 1 0 -1
1 0 1 1 0 2
haar_x2
0.000000e+00 0 -1
0.000000e+00 -1.000000e+00 
2
2
4 0 16 19 0 -1
4 0 8 19 0 2
haar_x2
8.199603e-03 0 1
2
4 0 16 19 0 -1
4 0 8 19 0 2
haar_x2
8.199603e-03 -1 -2
-8.354496e-01 -8.354496e-01 1.000000e+00 
1
2
0 0 4 14 0 -1
2 0 2 14 0 2
haar_x2
1.381088e-03 0 -1
-1.000000e+00 1.000000e+00 
1
2
18 0 2 1 0 -1
18 0 1 1 0 2
haar_x2
0.000000e+00 0 -1
0.000000e+00 -1.000000e+00 
1
2
0 0 16 12 0 -1
8 0 8 12 0 2
haar_x2
1.517051e-02 0 -1
-1.000000e+00 1.000000e+00 
1
2
18 0 2 1 0 -1
18 0 1 1 0 2
haar_x2
0.000000e+00 0 -1
0.000000e+00 -1.000000e+00 
1
2
0 0 2 1 0 -1
1 0 1 1 0 2
haar_x2
0.000000e+00 0 -1
0.000000e+00 -1.000000e+00 
1
2
4 0 16 10 0 -1
4 5 16 5 0 2
haar_y2
2.198070e-03 0 -1
-9.942381e-01 1.000000e+00 
1
2
0 0 2 1 0 -1
1 0 1 1 0 2
haar_x2
0.000000e+00 0 -1
0.000000e+00 -1.000000e+00 
2
2
4 6 16 13 0 -1
4 6 8 13 0 2
haar_x2
3.618062e-03 0 1
2
4 6 16 13 0 -1
4 6 8 13 0 2
haar_x2
3.618062e-03 -1 -2
-7.701755e-01 -7.701755e-01 9.820327e-01 
1
3
0 0 4 8 0 -1
0 0 2 4 0 2
2 4 2 4 0 2
haar_x2_y2
1.898282e-03 0 -1
-1.000000e+00 1.000000e+00 
1
2
18 0 2 1 0 -1
18 0 1 1 0 2
haar_x2
0.000000e+00 0 -1
0.000000e+00 -1.000000e+00 
1
2
0 0 16 16 0 -1
8 0 8 16 0 2
haar_x2
6.256989e-03 0 -1
-1.000000e+00 1.000000e+00 
1
2
18 0 2 1 0 -1
18 0 1 1 0 2
haar_x2
0.000000e+00 0 -1
0.000000e+00 -1.000000e+00 
1
2
0 0 2 1 0 -1
1 0 1 1 0 2
haar_x2
0.000000e+00 0 -1
0.000000e+00 -1.000000e+00 
2
2
2 7 18 11 0 -1
2 7 9 11 0 2
haar_x2
-1.140193e-03 0 1
2
2 7 18 11 0 -1
2 7 9 11 0 2
haar_x2
-1.140193e-03 -1 -2
9.801244e-01 9.801244e-01 -8.388527e-01 
2
2
0 10 8 7 0 -1
4 10 4 7 0 2
haar_x2
6.993683e-05 1 0
2
0 0 2 1 0 -1
1 0 1 1 0 2
haar_x2
-1.853976e-04 -1 -2
9.687822e-01 -1.000000e+00 1.000000e+00 
2
2
9 0 11 18 0 -1
9 6 11 6 0 3
haar_y3
8.982968e-03 0 1
3
2 15 18 4 0 -1
11 15 9 2 0 2
2 17 9 2 0 2
haar_x2_y2
1.229155e-03 -1 -2
-9.411420e-01 -9.291649e-01 9.403074e-01 
1
2
0 0 8 3 0 -1
4 0 4 3 0 2
haar_x2
4.458232e-05 0 -1
-1.000000e+00 1.000000e+00 
1
2
18 0 2 1 0 -1
18 0 1 1 0 2
haar_x2
0.000000e+00 0 -1
0.000000e+00 -1.000000e+00 
1
2
0 0 1 9 0 -1
0 3 1 3 0 3
haar_y3
-2.392978e-05 0 -1
1.000000e+00 -1.000000e+00 
2
2
11 16 9 2 0 -1
11 17 9 1 0 2
haar_y2
-2.421323e-05 0 1
3
0 0 20 10 0 -1
10 0 10 5 0 2
0 5 10 5 0 2
haar_x2_y2
1.328798e-03 -1 -2
9.278316e-01 -8.382164e-01 8.243731e-01 
2
2
4 0 6 9 0 -1
6 0 2 9 0 3
haar_x3
-5.769143e-04 0 1
2
0 1 9 6 0 -1
3 1 3 6 0 3
haar_x3
-5.980068e-05 -1 -2
1.000000e+00 1.000000e+00 -1.000000e+00 
2
3
8 10 6 2 0 -1
11 10 3 1 0 2
8 11 3 1 0 2
haar_x2_y2
-1.530902e-04 1 0
2
12 19 6 1 0 -1
12 19 3 1 0 2
haar_x2
2.267403e-05 -1 -2
-8.095516e-01 -7.309917e-01 -1.196633e-02 
2
2
0 9 16 10 0 -1
8 9 8 10 0 2
haar_x2
3.061162e-03 0 1
2
0 9 16 10 0 -1
8 9 8 10 0 2
haar_x2
3.061162e-03 -1 -2
-1.000000e+00 -1.000000e+00 8.506171e-01 
2
2
11 0 6 10 0 -1
13 0 2 10 0 3
haar_x3
8.464984e-04 0 1
2
7 6 6 2 0 -1
7 6 3 2 0 2
haar_x2
2.788696e-05 -1 -2
-8.605275e-01 -8.296661e-01 6.629490e-01 
2
2
0 14 20 6 0 -1
0 17 20 3 0 2
haar_y2
-1.327894e-03 1 0
2
0 19 10 1 0 -1
5 19 5 1 0 2
haar_x2
7.599771e-04 -1 -2
-9.974729e-01 1.000000e+00 -1.000011e+00 
2
2
12 7 8 3 0 -1
12 7 4 3 0 2
haar_x2
5.697236e-05 0 1
2
4 11 16 8 0 -1
4 11 8 8 0 2
haar_x2
7.388793e-04 -1 -2
-9.018793e-01 -9.006240e-01 8.461046e-01 
2
2
1 4 16 16 0 -1
1 12 16 8 0 2
haar_y2
-5.255618e-03 0 1
2
0 0 9 8 0 -1
3 0 3 8 0 3
haar_x3
-1.332749e-02 -1 -2
9.638942e-01 1.000000e+00 -1.000000e+00 
2
2
9 4 6 13 0 -1
11 4 2 13 0 3
haar_x3
-1.359927e-02 0 1
2
10 4 2 9 0 -1
10 7 2 3 0 3
haar_y3
-1.309070e-03 -1 -2
9.532506e-01 7.147826e-01 -8.930807e-01 
2
2
4 1 6 10 0 -1
6 1 2 10 0 3
haar_x3
-2.112132e-03 0 1
2
3 10 12 2 0 -1
7 10 4 2 0 3
haar_x3
-5.548482e-03 -1 -2
8.386505e-01 7.874655e-01 -9.847449e-01 
2
2
13 3 6 7 0 -1
15 3 2 7 0 3
haar_x3
-2.723088e-05 1 0
2
18 0 2 1 0 -1
18 0 1 1 0 2
haar_x2
-7.063965e-05 -1 -2
-7.603898e-01 -1.000000e+00 -5.077924e-01 
2
2
0 6 8 4 0 -1
4 6 4 4 0 2
haar_x2
2.264440e-05 1 0
2
0 0 2 1 0 -1
1 0 1 1 0 2
haar_x2
-1.650712e-04 -1 -2
7.795534e-01 -1.000000e+00 1.000000e+00 
2
2
9 1 11 6 0 -1
9 4 11 3 0 2
haar_y2
9.955547e-04 0 1
3
9 0 10 8 0 -1
14 0 5 4 0 2
9 4 5 4 0 2
haar_x2_y2
1.426539e-02 -1 -2
-9.642009e-01 -8.462774e-01 3.613193e-01 
2
2
1 0 10 18 0 -1
1 6 10 6 0 3
haar_y3
1.044838e-02 1 0
2
0 6 8 5 0 -1
4 6 4 5 0 2
haar_x2
1.380218e-03 -1 -2
5.840637e-01 1.000000e+00 -9.999999e-01 
2
2
8 3 6 9 0 -1
8 6 6 3 0 3
haar_y3
-9.042376e-03 0 1
2
8 12 9 2 0 -1
11 12 3 2 0 3
haar_x3
-2.075521e-03 -1 -2
3.376482e-01 4.428926e-01 -9.212574e-01 
2
2
3 12 9 2 0 -1
6 12 3 2 0 3
haar_x3
-2.526509e-02 0 1
3
4 9 10 8 0 -1
4 9 5 4 0 2
9 13 5 4 0 2
haar_x2_y2
3.181240e-02 -1 -2
9.644939e-01 -9.057494e-01 6.294352e-01 
2
3
4 0 16 14 0 -1
12 0 8 7 0 2
4 7 8 7 0 2
haar_x2_y2
1.858859e-03 1 0
2
15 0 2 4 0 -1
15 0 1 4 0 2
haar_x2
-2.089092e-05 -1 -2
3.451347e-01 -1.483915e-02 -7.761143e-01 
2
2
5 7 10 6 0 -1
5 9 10 2 0 3
haar_y3
-1.145648e-03 0 1
2
5 5 1 14 0 -1
5 12 1 7 0 2
haar_y2
5.011471e-03 -1 -2
7.349783e-01 -9.932158e-01 1.000003e+00 
2
3
0 4 20 8 0 -1
10 4 10 4 0 2
0 8 10 4 0 2
haar_x2_y2
-5.162123e-03 1 0
2
18 0 2 1 0 -1
18 0 1 1 0 2
haar_x2
-1.190882e-04 -1 -2
-9.977817e-01 -1.000000e+00 -9.528127e-01 
2
2
0 11 16 7 0 -1
8 11 8 7 0 2
haar_x2
6.478765e-04 0 1
2
0 11 16 7 0 -1
8 11 8 7 0 2
haar_x2
6.478765e-04 -1 -2
-1.000000e+00 -1.000000e+00 8.915052e-01 
2
2
10 9 9 6 0 -1
10 11 9 2 0 3
haar_y3
3.239382e-04 0 1
2
10 6 10 6 0 -1
10 9 10 3 0 2
haar_y2
-4.764205e-04 -1 -2
-9.714141e-01 1.801595e-01 -9.830986e-01 
2
2
0 9 16 6 0 -1
8 9 8 6 0 2
haar_x2
3.489523e-02 1 0
2
0 8 1 6 0 -1
0 11 1 3 0 2
haar_y2
3.189006e-03 -1 -2
9.504204e-01 1.000000e+00 -1.000000e+00 
2
3
0 4 20 8 0 -1
10 4 10 4 0 2
0 8 10 4 0 2
haar_x2_y2
-8.138376e-03 1 0
3
4 4 12 4 0 -1
10 4 6 2 0 2
4 6 6 2 0 2
haar_x2_y2
-5.484582e-03 -1 -2
-9.940122e-01 4.620558e-01 -9.798120e-01 
2
2
0 9 16 10 0 -1
8 9 8 10 0 2
haar_x2
9.174181e-05 0 1
2
0 9 16 10 0 -1
8 9 8 10 0 2
haar_x2
9.174181e-05 -1 -2
-1.000000e+00 -1.000000e+00 8.048005e-01 
2
2
5 7 10 12 0 -1
5 11 10 4 0 3
haar_y3
-6.473744e-02 0 1
2
6 1 11 12 0 -1
6 5 11 4 0 3
haar_y3
1.627848e-01 -1 -2
9.235274e-01 -9.773988e-01 6.277485e-01 
1
2
1 1 17 16 0 -1
1 9 17 8 0 2
haar_y2
3.136174e-03 0 -1
-1.000000e+00 1.000000e+00 
1
2
18 0 2 1 0 -1
18 0 1 1 0 2
haar_x2
0.000000e+00 0 -1
0.000000e+00 -1.000000e+00 
1
2
0 0 2 1 0 -1
1 0 1 1 0 2
haar_x2
0.000000e+00 0 -1
0.000000e+00 -1.000000e+00 
2
2
0 0 20 18 0 -1
0 0 10 18 0 2
haar_x2
-2.360121e-03 1 0
3
18 0 2 12 0 -1
19 0 1 6 0 2
18 6 1 6 0 2
haar_x2_y2
1.581073e-03 -1 -2
-9.974486e-01 -7.335398e-01 4.893430e-01 
2
2
0 0 18 16 0 -1
9 0 9 16 0 2
haar_x2
4.862316e-03 1 0
2
0 0 2 1 0 -1
1 0 1 1 0 2
haar_x2
-1.034926e-03 -1 -2
9.158749e-01 -1.000000e+00 9.999999e-01 
2
2
4 11 16 2 0 -1
4 11 8 2 0 2
haar_x2
-1.658700e-03 1 0
3
16 3 4 8 0 -1
18 3 2 4 0 2
16 7 2 4 0 2
haar_x2_y2
1.945195e-05 -1 -2
-8.537349e-01 -8.959366e-01 3.863813e-01 
2
2
0 10 14 6 0 -1
7 10 7 6 0 2
haar_x2
4.156266e-03 1 0
2
0 0 2 1 0 -1
1 0 1 1 0 2
haar_x2
-1.248268e-04 -1 -2
8.261745e-01 -1.000000e+00 1.000000e+00 
2
2
13 9 3 4 0 -1
14 9 1 4 0 3
haar_x3
-2.808657e-05 0 1
2
7 6 13 12 0 -1
7 12 13 6 0 2
haar_y2
-2.899681e-02 -1 -2
3.630947e-01 6.614460e-01 -8.965883e-01 
2
2
0 15 9 2 0 -1
3 15 3 2 0 3
haar_x3
-2.361409e-05 1 0
2
0 0 2 1 0 -1
1 0 1 1 0 2
haar_x2
-1.808640e-05 -1 -2
-9.480199e-01 -1.000000e+00 1.000000e+00 
2
2
4 10 16 4 0 -1
4 10 8 4 0 2
haar_x2
7.956794e-05 1 0
3
12 1 8 12 0 -1
16 1 4 6 0 2
12 7 4 6 0 2
haar_x2_y2
2.499643e-05 -1 -2
5.945091e-01 -7.419412e-01 5.194337e-01 
2
2
2 4 6 3 0 -1
4 4 2 3 0 3
haar_x3
-1.736248e-05 0 1
2
5 7 3 6 0 -1
5 9 3 2 0 3
haar_y3
-2.234409e-02 -1 -2
5.889366e-01 1.000000e+00 -9.923545e-01 
2
2
4 10 16 4 0 -1
4 10 8 4 0 2
haar_x2
2.318379e-03 1 0
2
5 0 14 3 0 -1
5 0 7 3 0 2
haar_x2
2.552968e-05 -1 -2
6.746512e-02 -7.550073e-01 2.749295e-01 
2
2
1 11 14 2 0 -1
8 11 7 2 0 2
haar_x2
1.186474e-02 1 0
2
0 11 12 3 0 -1
4 11 4 3 0 3
haar_x3
6.073409e-02 -1 -2
3.988903e-01 -1.000000e+00 1.000001e+00 
2
2
5 5 14 12 0 -1
5 9 14 4 0 3
haar_y3
-2.741583e-02 0 1
3
2 16 16 4 0 -1
10 16 8 2 0 2
2 18 8 2 0 2
haar_x2_y2
8.363682e-04 -1 -2
7.369793e-01 -8.822521e-01 4.431638e-01 
2
2
0 1 13 12 0 -1
0 5 13 4 0 3
haar_y3
-7.780778e-04 0 1
2
7 4 6 6 0 -1
7 6 6 2 0 3
haar_y3
7.741573e-02 -1 -2
8.229830e-01 -9.925015e-01 1.000000e+00 
1
2
18 0 2 1 0 -1
18 0 1 1 0 2
haar_x2
-2.200950e-04 0 -1
0.000000e+00 -1.000000e+00 
2
2
0 11 8 8 0 -1
4 11 4 8 0 2
haar_x2
1.396441e-04 1 0
3
0 0 2 2 0 -1
0 0 1 1 0 2
1 1 1 1 0 2
haar_x2_y2
1.081585e-03 -1 -2
9.308481e-01 1.000000e+00 -1.000000e+00 
1
2
18 0 2 1 0 -1
18 0 1 1 0 2
haar_x2
0.000000e+00 0 -1
0.000000e+00 -1.000000e+00 
2
2
0 0 1 15 0 -1
0 5 1 5 0 3
haar_y3
-3.674232e-05 0 1
2
0 0 2 1 0 -1
1 0 1 1 0 2
haar_x2
0.000000e+00 -1 -2
1.000000e+00 0.000000e+00 -1.000000e+00 
2
2
9 1 11 6 0 -1
9 4 11 3 0 2
haar_y2
1.233311e-02 0 1
2
12 7 8 7 0 -1
12 7 4 7 0 2
haar_x2
9.804959e-05 -1 -2
-9.702874e-01 -9.647937e-01 5.452733e-01 
2
2
3 14 14 6 0 -1
3 17 14 3 0 2
haar_y2
-1.440029e-02 1 0
2
1 5 1 8 0 -1
1 9 1 4 0 2
haar_y2
3.131609e-04 -1 -2
-9.890823e-01 1.000000e+00 -1.000002e+00 
2
2
8 1 10 8 0 -1
8 5 10 4 0 2
haar_y2
9.254156e-03 0 1
2
8 0 6 10 0 -1
8 5 6 5 0 2
haar_y2
7.359107e-04 -1 -2
-9.792844e-01 -9.709979e-01 4.300283e-01 
2
2
1 4 15 4 0 -1
6 4 5 4 0 3
haar_x3
4.685293e-02 1 0
3
0 0 2 8 0 -1
0 0 1 4 0 2
1 4 1 4 0 2
haar_x2_y2
2.892202e-04 -1 -2
7.111114e-01 1.000000e+00 -1.000000e+00 
1
2
18 0 2 1 0 -1
18 0 1 1 0 2
haar_x2
-7.063965e-05 0 -1
-1.000000e+00 -9.945610e-01 
2
2
2 1 9 8 0 -1
2 5 9 4 0 2
haar_y2
7.175193e-03 1 0
2
0 0 2 1 0 -1
1 0 1 1 0 2
haar_x2
-2.385869e-05 -1 -2
9.185362e-01 -1.000000e+00 1.000000e+00 
2
2
11 0 9 5 0 -1
14 0 3 5 0 3
haar_x3
-3.159821e-05 0 1
2
18 0 2 1 0 -1
18 0 1 1 0 2
haar_x2
-1.160041e-04 -1 -2
1.000000e+00 -1.000000e+00 -9.905816e-01 
2
2
5 8 9 7 0 -1
8 8 3 7 0 3
haar_x3
-2.185054e-02 0 1
2
5 8 5 8 0 -1
5 12 5 4 0 2
haar_y2
3.379097e-02 -1 -2
9.132344e-01 -1.000000e+00 1.000020e+00 
1
2
17 0 3 1 0 -1
18 0 1 1 0 3
haar_x3
-2.313844e-05 0 -1
-2.910550e-01 -1.000000e+00 
2
2
0 4 10 7 0 -1
5 4 5 7 0 2
haar_x2
5.492517e-03 0 1
2
0 0 10 10 0 -1
5 0 5 10 0 2
haar_x2
6.805945e-03 -1 -2
-1.000000e+00 -1.000000e+00 9.542227e-01 
1
2
18 0 2 1 0 -1
18 0 1 1 0 2
haar_x2
0.000000e+00 0 -1
0.000000e+00 -1.000000e+00 
1
3
0 9 8 2 0 -1
0 9 4 1 0 2
4 10 4 1 0 2
haar_x2_y2
2.353555e-05 0 -1
-1.000000e+00 1.000000e+00 
1
2
18 0 2 1 0 -1
18 0 1 1 0 2
haar_x2
0.000000e+00 0 -1
0.000000e+00 -1.000000e+00 
1
2
0 0 8 10 0 -1
4 0 4 10 0 2
haar_x2
1.610473e-04 0 -1
-1.000000e+00 1.000000e+00 
1
2
18 0 2 1 0 -1
18 0 1 1 0 2
haar_x2
0.000000e+00 0 -1
0.000000e+00 -1.000000e+00 
1
2
0 0 2 1 0 -1
1 0 1 1 0 2
haar_x2
0.000000e+00 0 -1
0.000000e+00 -1.000000e+00 
2
2
2 7 18 11 0 -1
2 7 9 11 0 2
haar_x2
1.192761e-03 0 1
2
4 0 16 19 0 -1
4 0 8 19 0 2
haar_x2
8.199603e-03 -1 -2
-8.989257e-01 -9.439530e-01 9.384049e-01 
2
3
0 0 16 16 0 -1
0 0 8 8 0 2
8 8 8 8 0 2
haar_x2_y2
3.515799e-03 0 1
2
0 0 8 10 0 -1
0 5 8 5 0 2
haar_y2
6.959339e-05 -1 -2
-1.000000e+00 -1.000000e+00 1.000002e+00 
1
2
18 0 2 1 0 -1
18 0 1 1 0 2
haar_x2
0.000000e+00 0 -1
0.000000e+00 -1.000000e+00 
2
2
0 0 8 5 0 -1
4 0 4 5 0 2
haar_x2
1.966317e-04 0 1
2
0 0 8 5 0 -1
4 0 4 5 0 2
haar_x2
1.966317e-04 -1 -2
-1.000000e+00 -1.000000e+00 1.000004e+00 
1
2
18 0 2 1 0 -1
18 0 1 1 0 2
haar_x2
0.000000e+00 0 -1
0.000000e+00 -1.000000e+00 
1
2
0 0 1 9 0 -1
0 3 1 3 0 3
haar_y3
-2.526187e-05 0 -1
1.000000e+00 -1.000000e+00 
2
2
2 0 18 14 0 -1
2 0 9 14 0 2
haar_x2
2.311308e-03 0 1
2
4 0 16 18 0 -1
4 0 8 18 0 2
haar_x2
7.911631e-04 -1 -2
-8.375010e-01 -8.864594e-01 9.053429e-01 
1
2
0 0 16 12 0 -1
8 0 8 12 0 2
haar_x2
7.403301e-03 0 -1
-1.000000e+00 1.000000e+00 
1
2
18 0 2 1 0 -1
18 0 1 1 0 2
haar_x2
0.000000e+00 0 -1
0.000000e+00 -1.000000e+00 
1
3
0 0 8 10 0 -1
0 0 4 5 0 2
4 5 4 5 0 2
haar_x2_y2
7.348978e-05 0 -1
-1.000000e+00 1.000000e+00 
1
2
18 0 2 1 0 -1
18 0 1 1 0 2
haar_x2
0.000000e+00 0 -1
0.000000e+00 -1.000000e+00 
1
2
0 0 9 1 0 -1
3 0 3 1 0 3
haar_x3
-6.554391e-05 0 -1
1.000000e+00 -1.000000e+00 
2
2
12 17 7 3 0 -1
12 18 7 1 0 3
haar_y3
-2.967638e-05 1 0
3
16 0 4 8 0 -1
18 0 2 4 0 2
16 4 2 4 0 2
haar_x2_y2
2.271168e-05 -1 -2
-9.038475e-01 -8.670125e-01 8.746373e-01 
2
2
1 2 18 16 0 -1
10 2 9 16 0 2
haar_x2
1.497539e-02 0 1
2
0 10 8 7 0 -1
4 10 4 7 0 2
haar_x2
4.940531e-05 -1 -2
-9.948878e-01 -9.767383e-01 9.596743e-01 
2
2
6 0 10 7 0 -1
6 0 5 7 0 2
haar_x2
-1.760752e-02 0 1
3
6 0 14 8 0 -1
13 0 7 4 0 2
6 4 7 4 0 2
haar_x2_y2
-7.191722e-03 -1 -2
1.000000e+00 1.000000e+00 -8.988605e-01 
2
2
0 0 14 9 0 -1
7 0 7 9 0 2
haar_x2
1.066040e-02 0 1
2
0 0 14 9 0 -1
7 0 7 9 0 2
haar_x2
1.066040e-02 -1 -2
-1.000000e+00 -1.000000e+00 9.373661e-01 
1
2
18 0 2 1 0 -1
18 0 1 1 0 2
haar_x2
0.000000e+00 0 -1
0.000000e+00 -1.000000e+00 
2
3
0 5 14 2 0 -1
0 5 7 1 0 2
7 6 7 1 0 2
haar_x2_y2
5.997539e-04 0 1
3
0 0 14 8 0 -1
0 0 7 4 0 2
7 4 7 4 0 2
haar_x2_y2
1.908681e-02 -1 -2
-1.000000e+00 -1.000000e+00 1.000000e+00 
1
2
18 0 2 1 0 -1
18 0 1 1 0 2
haar_x2
0.000000e+00 0 -1
0.000000e+00 -1.000000e+00 
1
3
0 5 8 6 0 -1
0 5 4 3 0 2
4 8 4 3 0 2
haar_x2_y2
-1.945195e-05 0 -1
1.000000e+00 -1.000000e+00 
2
2
4 13 16 3 0 -1
4 13 8 3 0 2
haar_x2
-1.973674e-03 1 0
2
18 0 2 1 0 -1
18 0 1 1 0 2
haar_x2
-2.074511e-05 -1 -2
-8.344699e-01 -1.000000e+00 -6.448139e-01 
2
2
0 0 18 16 0 -1
9 0 9 16 0 2
haar_x2
4.862316e-03 0 1
2
0 0 18 16 0 -1
9 0 9 16 0 2
haar_x2
4.862316e-03 -1 -2
-1.000000e+00 -1.000000e+00 9.698762e-01 
2
2
0 1 20 18 0 -1
0 1 10 18 0 2
haar_x2
-1.902324e-02 0 1
3
8 0 12 12 0 -1
14 0 6 6 0 2
8 6 6 6 0 2
haar_x2_y2
1.258698e-02 -1 -2
8.600723e-01 -9.416314e-01 7.105202e-01 
2
3
0 5 8 6 0 -1
0 5 4 3 0 2
4 8 4 3 0 2
haar_x2_y2
3.833085e-05 1 0
2
0 0 6 3 0 -1
2 0 2 3 0 3
haar_x3
-6.223534e-05 -1 -2
9.999983e-01 -1.000000e+00 1.000002e+00 
1
2
18 0 2 1 0 -1
18 0 1 1 0 2
haar_x2
0.000000e+00 0 -1
0.000000e+00 -1.000000e+00 
1
2
0 0 1 2 0 -1
0 1 1 1 0 2
haar_y2
3.176137e-05 0 -1
-1.000000e+00 1.000000e+00 
1
2
18 0 2 1 0 -1
18 0 1 1 0 2
haar_x2
0.000000e+00 0 -1
0.000000e+00 -1.000000e+00 
1
3
0 0 8 14 0 -1
0 0 4 7 0 2
4 7 4 7 0 2
haar_x2_y2
2.504636e-05 0 -1
-1.000000e+00 1.000000e+00 
1
2
18 0 2 1 0 -1
18 0 1 1 0 2
haar_x2
0.000000e+00 0 -1
0.000000e+00 -1.000000e+00 
1
2
0 0 10 10 0 -1
5 0 5 10 0 2
haar_x2
2.450945e-03 0 -1
-1.000000e+00 1.000000e+00 
1
2
18 0 2 1 0 -1
18 0 1 1 0 2
haar_x2
0.000000e+00 0 -1
0.000000e+00 -1.000000e+00 
1
2
0 0 2 1 0 -1
1 0 1 1 0 2
haar_x2
0.000000e+00 0 -1
0.000000e+00 -1.000000e+00 
1
2
2 0 18 16 0 -1
2 0 9 16 0 2
haar_x2
-2.491506e-03 0 -1
1.000000e+00 -8.118178e-01 
2
2
0 0 13 8 0 -1
0 4 13 4 0 2
haar_y2
3.967959e-04 0 1
2
0 0 13 8 0 -1
0 4 13 4 0 2
haar_y2
3.967959e-04 -1 -2
-1.000000e+00 -1.000000e+00 9.999998e-01 
1
2
6 4 14 16 0 -1
6 12 14 8 0 2
haar_y2
-8.278730e-03 0 -1
8.730508e-01 -9.727118e-01 
2
2
9 16 2 4 0 -1
9 18 2 2 0 2
haar_y2
-3.159821e-05 1 0
2
0 0 3 11 0 -1
1 0 1 11 0 3
haar_x3
7.278348e-04 -1 -2
-9.950166e-01 1.000000e+00 -1.000006e+00 
2
2
10 7 6 7 0 -1
12 7 2 7 0 3
haar_x3
-1.531252e-03 0 1
3
7 2 8 4 0 -1
11 2 4 2 0 2
7 4 4 2 0 2
haar_x2_y2
1.834836e-04 -1 -2
5.899549e-01 -8.257227e-01 4.892092e-01 
2
2
0 9 15 2 0 -1
5 9 5 2 0 3
haar_x3
-5.994462e-03 0 1
3
0 6 14 4 0 -1
0 6 7 2 0 2
7 8 7 2 0 2
haar_x2_y2
1.732732e-02 -1 -2
9.748933e-01 -1.000000e+00 1.000016e+00 
2
3
18 0 2 10 0 -1
19 0 1 5 0 2
18 5 1 5 0 2
haar_x2_y2
0.000000e+00 0 1
3
18 0 2 10 0 -1
19 0 1 5 0 2
18 5 1 5 0 2
haar_x2_y2
0.000000e+00 -1 -2
0.000000e+00 0.000000e+00 -9.683918e-01 
2
2
0 13 16 5 0 -1
8 13 8 5 0 2
haar_x2
2.377561e-02 0 1
2
0 17 14 1 0 -1
7 17 7 1 0 2
haar_x2
1.579911e-05 -1 -2
-1.000000e+00 -9.955572e-01 9.544070e-01 
2
2
18 0 2 20 0 -1
18 0 1 20 0 2
haar_x2
-1.262199e-02 0 1
3
18 0 2 10 0 -1
19 0 1 5 0 2
18 5 1 5 0 2
haar_x2_y2
-2.524398e-03 -1 -2
-1.000000e+00 -1.000000e+00 -9.675098e-01 
2
2
0 0 18 16 0 -1
9 0 9 16 0 2
haar_x2
4.862316e-03 0 1
2
0 0 18 16 0 -1
9 0 9 16 0 2
haar_x2
4.862316e-03 -1 -2
-1.000000e+00 -1.000000e+00 9.651792e-01 
1
2
18 0 2 8 0 -1
18 0 1 8 0 2
haar_x2
-8.414658e-04 0 -1
-1.000000e+00 -9.673604e-01 
2
2
0 7 18 11 0 -1
9 7 9 11 0 2
haar_x2
5.105409e-05 0 1
2
0 7 18 11 0 -1
9 7 9 11 0 2
haar_x2
5.105409e-05 -1 -2
-1.000000e+00 -1.000000e+00 9.664680e-01 
2
2
18 0 2 16 0 -1
18 0 1 16 0 2
haar_x2
-1.009759e-02 0 1
2
4 3 16 6 0 -1
4 5 16 2 0 3
haar_y3
-6.613661e-04 -1 -2
-1.000000e+00 1.000000e+00 -9.937801e-01 
2
2
0 0 18 16 0 -1
9 0 9 16 0 2
haar_x2
4.862316e-03 0 1
2
0 0 18 16 0 -1
9 0 9 16 0 2
haar_x2
4.862316e-03 -1 -2
-1.000000e+00 -1.000000e+00 9.563891e-01 
1
2
18 0 2 1 0 -1
18 0 1 1 0 2
haar_x2
0.000000e+00 0 -1
0.000000e+00 -1.000000e+00 
2
2
4 0 4 6 0 -1
4 2 4 2 0 3
haar_y3
-7.513908e-05 1 0
2
3 18 7 2 0 -1
3 19 7 1 0 2
haar_y2
6.578628e-04 -1 -2
-1.000000e+00 1.000000e+00 -1.000008e+00 
2
2
7 17 11 3 0 -1
7 18 11 1 0 3
haar_y3
-7.290384e-05 1 0
2
12 0 8 1 0 -1
12 0 4 1 0 2
haar_x2
1.660402e-05 -1 -2
-9.483497e-01 -8.636426e-01 7.383853e-01 
2
2
0 1 14 6 0 -1
0 4 14 3 0 2
haar_y2
1.706097e-02 1 0
3
0 0 8 10 0 -1
0 0 4 5 0 2
4 5 4 5 0 2
haar_x2_y2
1.871154e-03 -1 -2
7.515452e-01 1.000000e+00 -1.000000e+00 
2
3
6 0 14 16 0 -1
13 0 7 8 0 2
6 8 7 8 0 2
haar_x2_y2
9.082399e-03 1 0
2
6 0 14 2 0 -1
6 0 7 2 0 2
haar_x2
1.950203e-05 -1 -2
1.115835e-01 -9.043562e-01 3.089519e-01 
2
2
4 7 9 6 0 -1
7 7 3 6 0 3
haar_x3
-2.373489e-03 0 1
2
1 5 10 12 0 -1
6 5 5 12 0 2
haar_x2
2.336685e-01 -1 -2
7.866257e-01 -1.000000e+00 1.000010e+00 
2
2
5 0 15 16 0 -1
10 0 5 16 0 3
haar_x3
2.633946e-01 0 1
2
18 0 2 1 0 -1
18 0 1 1 0 2
haar_x2
-6.496405e-04 -1 -2
-1.000000e+00 -1.000000e+00 -9.846985e-01 
2
2
0 1 18 18 0 -1
9 1 9 18 0 2
haar_x2
4.105603e-02 1 0
2
0 0 1 2 0 -1
0 1 1 1 0 2
haar_y2
6.496405e-04 -1 -2
9.364944e-01 1.000000e+00 -1.000000e+00 
1
3
8 0 12 12 0 -1
14 0 6 6 0 2
8 6 6 6 0 2
haar_x2_y2
3.803116e-02 0 -1
-1.000000e+00 6.216729e-01 
2
3
0 0 8 10 0 -1
0 0 4 5 0 2
4 5 4 5 0 2
haar_x2_y2
2.090872e-02 0 1
3
0 0 8 8 0 -1
0 0 4 4 0 2
4 4 4 4 0 2
haar_x2_y2
4.101933e-03 -1 -2
-1.000000e+00 -1.000000e+00 1.000012e+00 
1
2
18 0 2 1 0 -1
18 0 1 1 0 2
haar_x2
0.000000e+00 0 -1
0.000000e+00 -1.000000e+00 
2
2
0 0 9 2 0 -1
3 0 3 2 0 3
haar_x3
-2.558805e-05 0 1
2
0 0 2 1 0 -1
1 0 1 1 0 2
haar_x2
0.000000e+00 -1 -2
1.000000e+00 0.000000e+00 -1.000000e+00 
2
2
9 4 6 3 0 -1
9 5 6 1 0 3
haar_y3
-6.462567e-05 0 1
2
2 18 16 1 0 -1
2 18 8 1 0 2
haar_x2
-7.928483e-03 -1 -2
3.700340e-01 6.976821e-01 -8.410900e-01 
2
2
0 17 20 2 0 -1
0 18 20 1 0 2
haar_y2
-1.279403e-04 1 0
2
3 0 6 2 0 -1
6 0 3 2 0 2
haar_x2
4.492511e-04 -1 -2
-9.658027e-01 1.000000e+00 -1.000003e+00 
2
2
11 3 4 6 0 -1
11 5 4 2 0 3
haar_y3
-1.531992e-04 0 1
2
13 14 3 2 0 -1
14 14 1 2 0 3
haar_x3
2.387583e-05 -1 -2
5.964298e-01 -6.317170e-01 3.940071e-01 
2
2
5 7 3 8 0 -1
6 7 1 8 0 3
haar_x3
-9.510436e-05 0 1
2
0 12 18 3 0 -1
6 12 6 3 0 3
haar_x3
1.201222e-01 -1 -2
9.851392e-01 -9.923176e-01 1.000011e+00 
2
3
7 1 6 6 0 -1
10 1 3 3 0 2
7 4 3 3 0 2
haar_x2_y2
-5.686552e-04 0 1
2
8 10 12 6 0 -1
8 12 12 2 0 3
haar_y3
4.831420e-04 -1 -2
8.428801e-01 -9.674518e-01 2.320035e-01 
2
3
0 1 16 4 0 -1
0 1 8 2 0 2
8 3 8 2 0 2
haar_x2_y2
3.952677e-02 0 1
2
0 0 6 16 0 -1
2 0 2 16 0 3
haar_x3
-9.202704e-05 -1 -2
-1.000000e+00 1.000000e+00 -1.000000e+00 
2
2
4 13 16 2 0 -1
4 13 8 2 0 2
haar_x2
4.503766e-03 0 1
2
6 0 8 16 0 -1
6 8 8 8 0 2
haar_y2
4.754821e-03 -1 -2
-8.695841e-01 -9.965365e-01 6.517329e-01 
2
3
0 5 16 14 0 -1
0 5 8 7 0 2
8 12 8 7 0 2
haar_x2_y2
5.342171e-03 1 0
3
0 0 6 8 0 -1
0 0 3 4 0 2
3 4 3 4 0 2
haar_x2_y2
3.148785e-04 -1 -2
1.000001e+00 1.000000e+00 -1.000000e+00 
1
2
18 0 2 1 0 -1
18 0 1 1 0 2
haar_x2
0.000000e+00 0 -1
0.000000e+00 -1.000000e+00 
2
2
0 0 8 20 0 -1
0 10 8 10 0 2
haar_y2
-1.776630e-03 0 1
2
0 0 2 1 0 -1
1 0 1 1 0 2
haar_x2
0.000000e+00 -1 -2
1.000000e+00 0.000000e+00 -1.000000e+00 
2
2
13 12 6 7 0 -1
13 12 3 7 0 2
haar_x2
8.391857e-04 1 0
2
18 0 2 1 0 -1
18 0 1 1 0 2
haar_x2
-5.076016e-05 -1 -2
8.199103e-01 -1.000000e+00 -7.054783e-01 
2
2
0 0 20 12 0 -1
10 0 10 12 0 2
haar_x2
2.652862e-03 0 1
3
0 0 8 20 0 -1
0 0 4 10 0 2
4 10 4 10 0 2
haar_x2_y2
5.142702e-03 -1 -2
-1.000000e+00 -1.000000e+00 1.000000e+00 
1
2
18 0 2 1 0 -1
18 0 1 1 0 2
haar_x2
0.000000e+00 0 -1
0.000000e+00 -1.000000e+00 
1
2
0 0 8 10 0 -1
4 0 4 10 0 2
haar_x2
2.104654e-04 0 -1
-1.000000e+00 1.000000e+00 
1
2
18 0 2 1 0 -1
18 0 1 1 0 2
haar_x2
0.000000e+00 0 -1
0.000000e+00 -1.000000e+00 
1
2
0 0 2 1 0 -1
1 0 1 1 0 2
haar_x2
0.000000e+00 0 -1
0.000000e+00 -1.000000e+00 
2
2
9 0 11 8 0 -1
9 4 11 4 0 2
haar_y2
3.645192e-05 0 1
2
9 0 11 8 0 -1
9 4 11 4 0 2
haar_y2
3.645192e-05 -1 -2
-9.925252e-01 -9.925252e-01 9.237446e-01 
2
3
0 0 20 4 0 -1
0 0 10 2 0 2
10 2 10 2 0 2
haar_x2_y2
3.282544e-03 0 1
2
0 0 9 9 0 -1
3 0 3 9 0 3
haar_x3
-9.798638e-05 -1 -2
-1.000000e+00 1.000000e+00 -9.999999e-01 
2
2
10 1 10 6 0 -1
10 4 10 3 0 2
haar_y2
4.739731e-05 1 0
2
19 0 1 6 0 -1
19 2 1 2 0 3
haar_y3
4.568414e-04 -1 -2
6.877570e-01 -6.844705e-01 -1.000000e+00 
2
2
4 12 3 2 0 -1
5 12 1 2 0 3
haar_x3
-2.377609e-05 0 1
2
0 0 2 1 0 -1
1 0 1 1 0 2
haar_x2
-3.555523e-03 -1 -2
1.000000e+00 0.000000e+00 -1.000000e+00 
2
2
8 10 6 5 0 -1
10 10 2 5 0 3
haar_x3
-2.217512e-03 0 1
2
8 7 12 1 0 -1
12 7 4 1 0 3
haar_x3
7.290384e-05 -1 -2
7.416740e-01 -9.198202e-01 4.007728e-01 
2
3
0 4 16 10 0 -1
0 4 8 5 0 2
8 9 8 5 0 2
haar_x2_y2
2.532153e-04 1 0
2
0 0 2 13 0 -1
1 0 1 13 0 2
haar_x2
-1.190882e-04 -1 -2
1.000001e+00 -1.000000e+00 1.000002e+00 
1
2
18 0 2 1 0 -1
18 0 1 1 0 2
haar_x2
0.000000e+00 0 -1
0.000000e+00 -1.000000e+00 
1
2
0 0 8 6 0 -1
4 0 4 6 0 2
haar_x2
3.466975e-04 0 -1
-1.000000e+00 1.000000e+00 
1
2
18 0 2 1 0 -1
18 0 1 1 0 2
haar_x2
0.000000e+00 0 -1
0.000000e+00 -1.000000e+00 
1
2
0 0 1 9 0 -1
0 3 1 3 0 3
haar_y3
-4.944769e-05 0 -1
1.000000e+00 -1.000000e+00 
2
3
8 0 12 14 0 -1
14 0 6 7 0 2
8 7 6 7 0 2
haar_x2_y2
7.939118e-02 0 1
2
12 8 8 9 0 -1
12 8 4 9 0 2
haar_x2
1.066430e-03 -1 -2
-9.318867e-01 -9.870378e-01 4.719708e-01 
2
2
1 8 6 4 0 -1
4 8 3 4 0 2
haar_x2
2.165695e-05 1 0
2
0 0 1 9 0 -1
0 3 1 3 0 3
haar_y3
-8.587594e-05 -1 -2
9.430735e-01 -1.000000e+00 9.999996e-01 
1
2
18 0 2 1 0 -1
18 0 1 1 0 2
haar_x2
0.000000e+00 0 -1
0.000000e+00 -1.000000e+00 
2
3
0 0 14 14 0 -1
0 0 7 7 0 2
7 7 7 7 0 2
haar_x2_y2
1.354158e-03 0 1
2
0 4 11 16 0 -1
0 12 11 8 0 2
haar_y2
-8.095018e-03 -1 -2
-1.000000e+00 1.000000e+00 -1.000000e+00 
2
3
2 14 16 2 0 -1
10 14 8 1 0 2
2 15 8 1 0 2
haar_x2_y2
7.013593e-04 0 1
2
11 6 6 4 0 -1
13 6 2 4 0 3
haar_x3
5.818344e-05 -1 -2
-9.551547e-01 -9.172878e-01 2.688883e-01 
2
2
0 0 8 10 0 -1
4 0 4 10 0 2
haar_x2
5.824319e-05 0 1
2
0 0 8 10 0 -1
4 0 4 10 0 2
haar_x2
5.824319e-05 -1 -2
-1.000000e+00 -1.000000e+00 9.489310e-01 
2
2
11 0 9 15 0 -1
14 0 3 15 0 3
haar_x3
-4.503399e-02 0 1
2
18 0 2 1 0 -1
18 0 1 1 0 2
haar_x2
-1.375644e-03 -1 -2
1.000000e+00 -1.000000e+00 -9.870393e-01 
2
2
0 0 7 16 0 -1
0 8 7 8 0 2
haar_y2
3.340461e-05 1 0
2
0 0 2 1 0 -1
1 0 1 1 0 2
haar_x2
-1.808640e-05 -1 -2
9.583738e-01 -1.000000e+00 1.000000e+00 
1
2
18 0 2 1 0 -1
18 0 1 1 0 2
haar_x2
-2.751288e-03 0 -1
0.000000e+00 -1.000000e+00 
2
3
0 10 14 6 0 -1
0 10 7 3 0 2
7 13 7 3 0 2
haar_x2_y2
-6.411163e-04 0 1
2
0 0 2 1 0 -1
1 0 1 1 0 2
haar_x2
0.000000e+00 -1 -2
1.000000e+00 0.000000e+00 -1.000000e+00 
2
2
4 14 16 5 0 -1
4 14 8 5 0 2
haar_x2
1.058546e-03 1 0
2
19 11 1 4 0 -1
19 13 1 2 0 2
haar_y2
2.313844e-05 -1 -2
7.779192e-01 -7.409785e-01 5.410830e-01 
1
2
0 0 9 18 0 -1
0 6 9 6 0 3
haar_y3
8.835556e-02 0 -1
-1.000000e+00 1.000000e+00 
1
2
18 0 2 1 0 -1
18 0 1 1 0 2
haar_x2
0.000000e+00 0 -1
0.000000e+00 -1.000000e+00 
2
3
0 0 8 12 0 -1
0 0 4 6 0 2
4 6 4 6 0 2
haar_x2_y2
2.620944e-04 0 1
3
0 0 8 12 0 -1
0 0 4 6 0 2
4 6 4 6 0 2
haar_x2_y2
2.620944e-04 -1 -2
-1.000000e+00 -1.000000e+00 1.000002e+00 
1
2
18 0 2 1 0 -1
18 0 1 1 0 2
haar_x2
0.000000e+00 0 -1
0.000000e+00 -1.000000e+00 
1
3
0 0 8 14 0 -1
0 0 4 7 0 2
4 7 4 7 0 2
haar_x2_y2
-1.498993e-04 0 -1
1.000000e+00 -1.000000e+00 
2
2
9 14 11 6 0 -1
9 17 11 3 0 2
haar_y2
-5.504509e-05 0 1
2
18 0 2 1 0 -1
18 0 1 1 0 2
haar_x2
2.259881e-05 -1 -2
1.000000e+00 -6.576146e-01 1.000000e+00 
2
2
0 16 11 4 0 -1
0 18 11 2 0 2
haar_y2
-1.681899e-04 1 0
2
0 0 1 6 0 -1
0 3 1 3 0 2
haar_y2
8.382577e-05 -1 -2
-9.815813e-01 1.000000e+00 -1.000002e+00 
2
2
6 14 14 5 0 -1
6 14 7 5 0 2
haar_x2
3.418250e-03 1 0
2
16 0 4 6 0 -1
16 0 2 6 0 2
haar_x2
1.249161e-04 -1 -2
7.092752e-01 -7.644351e-01 8.297944e-01 
2
2
7 5 1 12 0 -1
7 9 1 4 0 3
haar_y3
-6.568996e-04 0 1
2
0 7 14 6 0 -1
0 10 14 3 0 2
haar_y2
8.389337e-02 -1 -2
1.000000e+00 -1.000000e+00 1.000026e+00 
1
2
19 0 1 2 0 -1
19 1 1 1 0 2
haar_y2
0.000000e+00 0 -1
0.000000e+00 -9.854952e-01 
1
2
0 0 16 19 0 -1
8 0 8 19 0 2
haar_x2
6.788895e-04 0 -1
-1.000000e+00 1.000000e+00 
1
2
19 0 1 2 0 -1
19 1 1 1 0 2
haar_y2
0.000000e+00 0 -1
0.000000e+00 -9.859068e-01 
2
2
5 1 5 6 0 -1
5 4 5 3 0 2
haar_y2
2.299298e-05 1 0
2
0 0 3 1 0 -1
1 0 1 1 0 3
haar_x3
-2.862531e-05 -1 -2
8.995925e-01 -1.000000e+00 1.000000e+00 
2
2
8 1 12 5 0 -1
12 1 4 5 0 3
haar_x3
-6.877079e-03 0 1
2
19 0 1 2 0 -1
19 1 1 1 0 2
haar_y2
-6.546448e-05 -1 -2
3.027838e-01 -1.000000e+00 -9.833179e-01 
2
2
9 7 1 6 0 -1
9 9 1 2 0 3
haar_y3
-1.822596e-05 0 1
2
0 6 2 14 0 -1
1 6 1 14 0 2
haar_x2
2.260174e-05 -1 -2
1.000000e+00 -1.000000e+00 1.000004e+00 
2
2
19 0 1 9 0 -1
19 3 1 3 0 3
haar_y3
0.000000e+00 0 1
2
18 0 2 1 0 -1
18 0 1 1 0 2
haar_x2
0.000000e+00 -1 -2
0.000000e+00 0.000000e+00 -9.948841e-01 
2
2
0 5 8 4 0 -1
0 7 8 2 0 2
haar_y2
2.776572e-05 0 1
2
0 0 8 7 0 -1
4 0 4 7 0 2
haar_x2
1.783293e-04 -1 -2
-1.000000e+00 -1.000000e+00 1.000001e+00 
1
2
18 0 2 1 0 -1
18 0 1 1 0 2
haar_x2
0.000000e+00 0 -1
0.000000e+00 -1.000000e+00 
2
2
0 0 14 18 0 -1
7 0 7 18 0 2
haar_x2
1.020405e-02 0 1
2
0 0 14 18 0 -1
7 0 7 18 0 2
haar_x2
1.020405e-02 -1 -2
-1.000000e+00 -1.000000e+00 1.000001e+00 
1
2
18 0 2 1 0 -1
18 0 1 1 0 2
haar_x2
0.000000e+00 0 -1
0.000000e+00 -1.000000e+00 
1
3
0 0 2 14 0 -1
0 0 1 7 0 2
1 7 1 7 0 2
haar_x2_y2
1.834836e-05 0 -1
-1.000000e+00 1.000000e+00 
1
2
18 0 2 1 0 -1
18 0 1 1 0 2
haar_x2
0.000000e+00 0 -1
0.000000e+00 -1.000000e+00 
2
2
0 2 17 18 0 -1
0 11 17 9 0 2
haar_y2
-4.759548e-03 0 1
2
0 0 2 1 0 -1
1 0 1 1 0 2
haar_x2
0.000000e+00 -1 -2
1.000000e+00 0.000000e+00 -1.000000e+00 
2
2
0 1 20 18 0 -1
0 10 20 9 0 2
haar_y2
5.459727e-03 1 0
2
17 0 3 7 0 -1
18 0 1 7 0 3
haar_x3
-2.229116e-05 -1 -2
1.000000e+00 8.831459e-01 -9.098435e-01 
1
2
0 0 2 1 0 -1
1 0 1 1 0 2
haar_x2
0.000000e+00 0 -1
0.000000e+00 -1.000000e+00 
2
2
6 17 14 2 0 -1
6 18 14 1 0 2
haar_y2
-4.458232e-05 1 0
2
18 6 1 3 0 -1
18 7 1 1 0 3
haar_y3
-4.865156e-03 -1 -2
-9.848217e-01 1.000000e+00 -7.629068e-01 
2
2
0 0 18 16 0 -1
9 0 9 16 0 2
haar_x2
4.862316e-03 0 1
2
0 0 18 16 0 -1
9 0 9 16 0 2
haar_x2
4.862316e-03 -1 -2
-1.000000e+00 -1.000000e+00 9.494396e-01 
2
2
3 0 15 16 0 -1
3 8 15 8 0 2
haar_y2
5.660920e-02 1 0
2
3 0 17 12 0 -1
3 4 17 4 0 3
haar_y3
5.595812e-04 -1 -2
7.675782e-01 -9.196928e-01 3.985020e-01 
2
2
0 0 6 5 0 -1
3 0 3 5 0 2
haar_x2
1.473704e-02 0 1
2
0 0 2 1 0 -1
1 0 1 1 0 2
haar_x2
2.310908e-05 -1 -2
-1.000000e+00 -1.000000e+00 1.000000e+00 
1
2
18 0 2 1 0 -1
18 0 1 1 0 2
haar_x2
0.000000e+00 0 -1
0.000000e+00 -1.000000e+00 
1
2
0 0 8 9 0 -1
4 0 4 9 0 2
haar_x2
5.824319e-05 0 -1
-1.000000e+00 1.000000e+00 
1
2
18 0 2 1 0 -1
18 0 1 1 0 2
haar_x2
0.000000e+00 0 -1
0.000000e+00 -1.000000e+00 
1
2
0 0 12 8 0 -1
4 0 4 8 0 3
haar_x3
-3.842426e-03 0 -1
1.000000e+00 -1.000000e+00 
1
2
0 6 20 13 0 -1
0 6 10 13 0 2
haar_x2
-3.470767e-04 0 -1
1.000000e+00 -9.999999e-01 
2
2
3 2 8 8 0 -1
3 6 8 4 0 2
haar_y2
3.568898e-03 0 1
2
3 0 4 14 0 -1
3 7 4 7 0 2
haar_y2
1.164864e-04 -1 -2
-9.936095e-01 -1.000000e+00 7.851506e-01 
2
3
4 11 16 2 0 -1
12 11 8 1 0 2
4 12 8 1 0 2
haar_x2_y2
1.043039e-02 0 1
2
12 0 8 11 0 -1
12 0 4 11 0 2
haar_x2
2.746957e-02 -1 -2
-9.853671e-01 -9.956301e-01 4.728852e-01 
2
2
0 1 12 6 0 -1
0 4 12 3 0 2
haar_y2
5.633039e-05 0 1
2
0 0 8 11 0 -1
4 0 4 11 0 2
haar_x2
3.609544e-04 -1 -2
-1.000000e+00 -1.000000e+00 1.000003e+00 
1
2
18 0 2 1 0 -1
18 0 1 1 0 2
haar_x2
0.000000e+00 0 -1
0.000000e+00 -1.000000e+00 
2
2
0 0 15 1 0 -1
5 0 5 1 0 3
haar_x3
-2.310908e-05 0 1
2
0 0 2 1 0 -1
1 0 1 1 0 2
haar_x2
0.000000e+00 -1 -2
1.000000e+00 0.000000e+00 -1.000000e+00 
2
2
2 12 18 3 0 -1
2 12 9 3 0 2
haar_x2
-5.677920e-04 1 0
3
18 0 2 2 0 -1
19 0 1 1 0 2
18 1 1 1 0 2
haar_x2_y2
-2.615780e-05 -1 -2
-8.687640e-01 -6.939027e-02 -7.138960e-01 
2
2
0 0 16 19 0 -1
8 0 8 19 0 2
haar_x2
6.788895e-04 0 1
2
0 0 16 19 0 -1
8 0 8 19 0 2
haar_x2
6.788895e-04 -1 -2
-1.000000e+00 -1.000000e+00 9.533518e-01 
2
2
0 0 20 14 0 -1
0 7 20 7 0 2
haar_y2
3.928844e-02 0 1
2
9 10 11 10 0 -1
9 15 11 5 0 2
haar_y2
-2.403636e-03 -1 -2
-1.000000e+00 6.634585e-01 -9.803419e-01 
2
2
6 6 5 9 0 -1
6 9 5 3 0 3
haar_y3
-5.241887e-04 0 1
2
3 8 6 6 0 -1
5 8 2 6 0 3
haar_x3
-1.733488e-04 -1 -2
9.633964e-01 8.296707e-01 -9.947569e-01 
2
3
6 10 12 6 0 -1
12 10 6 3 0 2
6 13 6 3 0 2
haar_x2_y2
-5.606329e-05 1 0
2
18 3 1 10 0 -1
18 8 1 5 0 2
haar_y2
-1.001877e-02 -1 -2
-7.460337e-01 2.285477e-01 -5.242996e-01 
2
2
0 7 16 9 0 -1
8 7 8 9 0 2
haar_x2
3.853156e-04 1 0
2
0 0 2 1 0 -1
1 0 1 1 0 2
haar_x2
-6.578628e-04 -1 -2
7.202237e-01 -1.000000e+00 1.000000e+00 
2
3
6 10 12 6 0 -1
12 10 6 3 0 2
6 13 6 3 0 2
haar_x2_y2
5.956406e-05 1 0
2
18 3 1 10 0 -1
18 8 1 5 0 2
haar_y2
-1.814963e-02 -1 -2
1.954754e-01 1.000000e+00 -5.606135e-01 
2
3
1 7 16 10 0 -1
1 7 8 5 0 2
9 12 8 5 0 2
haar_x2_y2
1.358918e-03 1 0
2
0 12 12 6 0 -1
0 14 12 2 0 3
haar_y3
2.599491e-03 -1 -2
8.572256e-01 -8.571393e-01 1.000000e+00 
2
2
9 0 6 14 0 -1
11 0 2 14 0 3
haar_x3
-6.885986e-03 0 1
3
3 6 16 12 0 -1
11 6 8 6 0 2
3 12 8 6 0 2
haar_x2_y2
-1.245851e-01 -1 -2
9.145941e-01 1.000000e+00 -9.461843e-01 
2
2
3 5 9 3 0 -1
6 5 3 3 0 3
haar_x3
-1.681246e-04 0 1
2
8 5 2 8 0 -1
8 9 2 4 0 2
haar_y2
-4.721330e-03 -1 -2
9.110700e-01 1.000000e+00 -9.955091e-01 
2
3
1 3 18 8 0 -1
10 3 9 4 0 2
1 7 9 4 0 2
haar_x2_y2
-4.089376e-03 1 0
2
11 2 8 1 0 -1
11 2 4 1 0 2
haar_x2
1.993356e-05 -1 -2
-9.203808e-01 -8.048240e-01 1.824088e-01 
2
2
0 0 17 16 0 -1
0 8 17 8 0 2
haar_y2
9.876335e-04 1 0
2
0 0 2 1 0 -1
1 0 1 1 0 2
haar_x2
-2.510283e-05 -1 -2
7.992948e-01 -1.000000e+00 1.000000e+00 
2
2
8 0 5 15 0 -1
8 5 5 5 0 3
haar_y3
-8.079970e-03 0 1
2
11 7 1 8 0 -1
11 11 1 4 0 2
haar_y2
7.673286e-03 -1 -2
7.029197e-01 -8.162228e-01 6.087727e-01 
2
2
5 4 4 3 0 -1
5 5 4 1 0 3
haar_y3
-2.299298e-05 0 1
2
1 3 15 5 0 -1
6 3 5 5 0 3
haar_x3
6.382936e-02 -1 -2
8.436807e-01 -1.000000e+00 1.000000e+00 
1
2
18 0 2 1 0 -1
18 0 1 1 0 2
haar_x2
-2.422856e-03 0 -1
0.000000e+00 -1.000000e+00 
1
2
0 0 10 15 0 -1
5 0 5 15 0 2
haar_x2
2.708523e-02 0 -1
-1.000000e+00 1.000000e+00 
1
2
18 0 2 1 0 -1
18 0 1 1 0 2
haar_x2
0.000000e+00 0 -1
0.000000e+00 -1.000000e+00 
1
2
0 0 1 12 0 -1
0 4 1 4 0 3
haar_y3
-2.803165e-05 0 -1
1.000000e+00 -1.000000e+00 
2
2
4 7 16 9 0 -1
4 7 8 9 0 2
haar_x2
8.211830e-03 0 1
2
4 6 16 13 0 -1
4 6 8 13 0 2
haar_x2
1.523613e-02 -1 -2
-8.793057e-01 -8.724382e-01 8.423860e-01 
2
3
0 0 20 16 0 -1
0 0 10 8 0 2
10 8 10 8 0 2
haar_x2_y2
1.623909e-03 0 1
3
0 0 18 14 0 -1
0 0 9 7 0 2
9 7 9 7 0 2
haar_x2_y2
2.747101e-03 -1 -2
-1.000000e+00 -1.000000e+00 1.000001e+00 
1
2
18 0 2 1 0 -1
18 0 1 1 0 2
haar_x2
0.000000e+00 0 -1
0.000000e+00 -1.000000e+00 
2
2
0 0 7 14 0 -1
0 7 7 7 0 2
haar_y2
4.443460e-05 0 1
2
0 0 7 14 0 -1
0 7 7 7 0 2
haar_y2
4.443460e-05 -1 -2
-1.000000e+00 -1.000000e+00 9.999986e-01 
1
2
18 0 2 1 0 -1
18 0 1 1 0 2
haar_x2
0.000000e+00 0 -1
0.000000e+00 -1.000000e+00 
2
2
0 0 14 6 0 -1
0 2 14 2 0 3
haar_y3
-9.801354e-05 0 1
2
0 0 2 1 0 -1
1 0 1 1 0 2
haar_x2
0.000000e+00 -1 -2
1.000000e+00 0.000000e+00 -1.000000e+00 
2
2
11 9 6 2 0 -1
13 9 2 2 0 3
haar_x3
-1.124973e-04 0 1
3
16 0 4 16 0 -1
18 0 2 8 0 2
16 8 2 8 0 2
haar_x2_y2
1.114558e-04 -1 -2
1.000000e+00 -9.352804e-01 6.256678e-01 
2
2
0 0 9 5 0 -1
3 0 3 5 0 3
haar_x3
-4.803560e-05 0 1
2
0 0 2 1 0 -1
1 0 1 1 0 2
haar_x2
-3.295554e-04 -1 -2
1.000000e+00 0.000000e+00 -1.000000e+00 
2
2
7 9 6 4 0 -1
9 9 2 4 0 3
haar_x3
-1.900856e-03 0 1
2
4 0 15 12 0 -1
9 0 5 12 0 3
haar_x3
1.280592e-01 -1 -2
8.580969e-01 -9.068933e-01 3.787253e-01 
2
2
5 11 5 3 0 -1
5 12 5 1 0 3
haar_y3
-4.308067e-04 1 0
3
0 4 16 12 0 -1
0 4 8 6 0 2
8 10 8 6 0 2
haar_x2_y2
9.972519e-02 -1 -2
-9.999999e-01 1.000000e+00 -1.000001e+00 
2
2
13 7 4 6 0 -1
13 9 4 2 0 3
haar_y3
-8.842873e-04 0 1
3
3 10 14 4 0 -1
10 10 7 2 0 2
3 12 7 2 0 2
haar_x2_y2
-9.126764e-04 -1 -2
6.538606e-01 4.418737e-01 -8.618124e-01 
2
2
0 15 18 1 0 -1
6 15 6 1 0 3
haar_x3
7.051922e-03 1 0
2
0 0 18 12 0 -1
9 0 9 12 0 2
haar_x2
5.190437e-02 -1 -2
8.137612e-01 1.000000e+00 -9.668917e-01 
2
2
4 8 12 4 0 -1
8 8 4 4 0 3
haar_x3
-2.834262e-02 0 1
2
7 4 6 7 0 -1
7 4 3 7 0 2
haar_x2
-6.254868e-02 -1 -2
1.000000e+00 8.571337e-01 -9.313639e-01 
2
3
0 14 10 6 0 -1
0 14 5 3 0 2
5 17 5 3 0 2
haar_x2_y2
-1.470072e-02 0 1
2
0 3 6 14 0 -1
0 10 6 7 0 2
haar_y2
-3.043254e-02 -1 -2
7.167399e-01 1.000000e+00 -9.965264e-01 
2
2
10 6 6 10 0 -1
12 6 2 10 0 3
haar_x3
-7.619321e-04 0 1
2
3 2 17 6 0 -1
3 4 17 2 0 3
haar_y3
-8.156054e-04 -1 -2
6.506972e-01 4.096681e-01 -7.553540e-01 
2
2
3 9 6 5 0 -1
5 9 2 5 0 3
haar_x3
-3.332594e-05 1 0
2
4 12 2 1 0 -1
5 12 1 1 0 2
haar_x2
4.596147e-05 -1 -2
-8.839582e-01 9.475057e-01 -8.981084e-01 
2
2
4 7 16 7 0 -1
4 7 8 7 0 2
haar_x2
2.567955e-03 0 1
2
12 14 7 6 0 -1
12 17 7 3 0 2
haar_y2
-5.504509e-05 -1 -2
-5.824755e-01 4.503365e-01 -7.092722e-01 
2
2
4 5 9 3 0 -1
7 5 3 3 0 3
haar_x3
-8.813716e-04 0 1
3
8 2 4 12 0 -1
8 2 2 6 0 2
10 8 2 6 0 2
haar_x2_y2
2.954399e-03 -1 -2
8.321415e-01 -9.187962e-01 6.589120e-01 
2
2
4 13 16 2 0 -1
4 13 8 2 0 2
haar_x2
-1.720188e-02 1 0
3
9 1 10 18 0 -1
14 1 5 9 0 2
9 10 5 9 0 2
haar_x2_y2
5.835583e-04 -1 -2
-5.520412e-01 -6.565863e-01 1.060841e-01 
2
2
0 13 16 1 0 -1
8 13 8 1 0 2
haar_x2
7.885292e-04 1 0
2
0 7 3 12 0 -1
0 11 3 4 0 3
haar_y3
4.803673e-04 -1 -2
7.104338e-01 1.000000e+00 -1.000000e+00 
2
2
11 1 3 12 0 -1
11 5 3 4 0 3
haar_y3
2.319577e-02 1 0
2
16 0 4 1 0 -1
16 0 2 1 0 2
haar_x2
1.475095e-05 -1 -2
2.515810e-01 -6.442768e-01 2.743022e-01 
2
2
6 3 3 9 0 -1
6 6 3 3 0 3
haar_y3
-6.665189e-05 1 0
2
1 0 1 12 0 -1
1 6 1 6 0 2
haar_y2
3.140006e-04 -1 -2
-9.151670e-01 9.683059e-01 -9.999997e-01 
2
2
4 13 16 2 0 -1
4 13 8 2 0 2
haar_x2
-1.720188e-02 1 0
2
7 11 8 7 0 -1
7 11 4 7 0 2
haar_x2
-8.013073e-04 -1 -2
-4.852579e-01 6.534095e-01 -5.346954e-01 
2
2
0 7 16 5 0 -1
8 7 8 5 0 2
haar_x2
3.955033e-03 1 0
2
0 0 3 2 0 -1
1 0 1 2 0 3
haar_x3
2.377948e-04 -1 -2
6.672594e-01 1.000000e+00 -1.000000e+00 
2
2
7 9 6 1 0 -1
9 9 2 1 0 3
haar_x3
-2.803165e-05 1 0
2
17 1 2 2 0 -1
17 2 2 1 0 2
haar_y2
1.133241e-04 -1 -2
-8.658645e-01 -4.815669e-01 -1.000000e+00 
2
2
0 0 16 19 0 -1
8 0 8 19 0 2
haar_x2
6.788895e-04 0 1
2
0 0 16 19 0 -1
8 0 8 19 0 2
haar_x2
6.788895e-04 -1 -2
-1.000000e+00 -1.000000e+00 6.897081e-01 
2
2
2 16 18 2 0 -1
2 17 18 1 0 2
haar_y2
-5.863670e-04 1 0
2
15 0 5 2 0 -1
15 1 5 1 0 2
haar_y2
1.055475e-04 -1 -2
-9.059156e-01 -4.405385e-01 -9.999992e-01 
2
2
0 8 16 10 0 -1
8 8 8 10 0 2
haar_x2
2.096735e-03 1 0
3
0 0 2 2 0 -1
0 0 1 1 0 2
1 1 1 1 0 2
haar_x2_y2
-7.724200e-05 -1 -2
6.699032e-01 -1.000000e+00 9.999999e-01 
2
2
10 1 10 6 0 -1
10 4 10 3 0 2
haar_y2
3.519578e-04 1 0
2
5 16 15 2 0 -1
10 16 5 2 0 3
haar_x3
-1.120107e-02 -1 -2
3.340946e-02 5.583397e-01 -6.584911e-01 
2
2
0 1 10 6 0 -1
0 4 10 3 0 2
haar_y2
9.597811e-05 1 0
3
0 8 10 10 0 -1
0 8 5 5 0 2
5 13 5 5 0 2
haar_x2_y2
3.559126e-02 -1 -2
2.476787e-01 -1.000000e+00 1.000000e+00 
2
2
1 13 18 3 0 -1
7 13 6 3 0 3
haar_x3
1.127709e-01 1 0
2
6 2 8 4 0 -1
6 4 8 2 0 2
haar_y2
-2.392978e-05 -1 -2
8.591228e-01 9.396979e-01 -7.044416e-01 
2
2
7 6 6 4 0 -1
9 6 2 4 0 3
haar_x3
-1.222871e-03 0 1
2
4 5 12 2 0 -1
8 5 4 2 0 3
haar_x3
-9.835910e-04 -1 -2
7.841289e-01 1.000000e+00 -9.965817e-01 
2
2
13 3 6 4 0 -1
15 3 2 4 0 3
haar_x3
-1.834836e-05 1 0
2
16 12 4 4 0 -1
16 12 2 4 0 2
haar_x2
8.506152e-05 -1 -2
-8.068516e-01 -9.283946e-01 2.144130e-01 
2
2
1 5 6 6 0 -1
3 5 2 6 0 3
haar_x3
-2.245093e-05 1 0
2
0 3 4 17 0 -1
2 3 2 17 0 2
haar_x2
-1.913310e-04 -1 -2
-8.498173e-01 -9.233891e-01 9.845399e-01 
2
2
9 10 11 10 0 -1
9 15 11 5 0 2
haar_y2
-1.964488e-03 1 0
2
0 0 20 1 0 -1
0 0 10 1 0 2
haar_x2
1.537848e-05 -1 -2
-6.304650e-01 -3.094869e-01 6.162531e-01 
2
2
0 0 12 8 0 -1
0 4 12 4 0 2
haar_y2
1.314376e-04 0 1
2
0 0 12 8 0 -1
0 4 12 4 0 2
haar_y2
1.314376e-04 -1 -2
-1.000000e+00 -1.000000e+00 5.999886e-01 
2
2
6 9 12 2 0 -1
10 9 4 2 0 3
haar_x3
4.029572e-02 0 1
3
6 10 8 4 0 -1
10 10 4 2 0 2
6 12 4 2 0 2
haar_x2_y2
-2.316447e-02 -1 -2
-5.868596e-01 8.592535e-01 -4.543512e-01 
2
2
0 6 16 13 0 -1
8 6 8 13 0 2
haar_x2
2.055017e-03 1 0
2
0 0 2 1 0 -1
1 0 1 1 0 2
haar_x2
7.926494e-05 -1 -2
5.685452e-01 1.000000e+00 -1.000000e+00 
2
2
6 9 12 2 0 -1
10 9 4 2 0 3
haar_x3
4.029572e-02 0 1
3
6 10 8 4 0 -1
10 10 4 2 0 2
6 12 4 2 0 2
haar_x2_y2
-2.316447e-02 -1 -2
-6.025035e-01 8.639712e-01 -5.067103e-01 
2
2
0 6 16 13 0 -1
8 6 8 13 0 2
haar_x2
2.055017e-03 1 0
2
0 0 2 1 0 -1
1 0 1 1 0 2
haar_x2
0.000000e+00 -1 -2
5.727723e-01 0.000000e+00 1.000000e+00 
2
2
6 9 12 2 0 -1
10 9 4 2 0 3
haar_x3
4.029572e-02 0 1
3
6 10 8 4 0 -1
10 10 4 2 0 2
6 12 4 2 0 2
haar_x2_y2
-2.316447e-02 -1 -2
-6.042167e-01 8.713189e-01 -5.283040e-01 
2
2
0 6 16 13 0 -1
8 6 8 13 0 2
haar_x2
2.055017e-03 1 0
2
0 0 2 1 0 -1
1 0 1 1 0 2
haar_x2
0.000000e+00 -1 -2
5.785777e-01 0.000000e+00 1.000000e+00 
2
2
6 9 12 2 0 -1
10 9 4 2 0 3
haar_x3
3.056210e-02 0 1
3
6 10 8 4 0 -1
10 10 4 2 0 2
6 12 4 2 0 2
haar_x2_y2
-2.316447e-02 -1 -2
-6.147400e-01 9.122110e-01 -5.455216e-01 
2
2
0 6 16 13 0 -1
8 6 8 13 0 2
haar_x2
2.055017e-03 1 0
2
0 0 2 1 0 -1
1 0 1 1 0 2
haar_x2
0.000000e+00 -1 -2
5.815577e-01 0.000000e+00 1.000000e+00 
2
2
6 9 12 2 0 -1
10 9 4 2 0 3
haar_x3
4.029572e-02 0 1
3
6 10 8 4 0 -1
10 10 4 2 0 2
6 12 4 2 0 2
haar_x2_y2
-2.316447e-02 -1 -2
-6.006941e-01 8.464322e-01 -5.552081e-01 
2
2
0 6 16 13 0 -1
8 6 8 13 0 2
haar_x2
2.055017e-03 1 0
2
0 0 2 1 0 -1
1 0 1 1 0 2
haar_x2
0.000000e+00 -1 -2
5.886689e-01 0.000000e+00 1.000000e+00 
2
2
4 10 12 1 0 -1
8 10 4 1 0 3
haar_x3
-1.020129e-02 0 1
2
8 0 9 7 0 -1
11 0 3 7 0 3
haar_x3
-2.374110e-04 -1 -2
6.884589e-01 2.997591e-01 -6.658577e-01 
2
2
5 3 4 6 0 -1
5 5 4 2 0 3
haar_y3
-2.068117e-05 1 0
2
2 0 14 1 0 -1
9 0 7 1 0 2
haar_x2
2.152368e-04 -1 -2
-7.741209e-01 8.918385e-01 -1.000001e+00 
2
2
6 9 12 2 0 -1
10 9 4 2 0 3
haar_x3
3.056210e-02 0 1
2
4 0 12 9 0 -1
4 3 12 3 0 3
haar_y3
4.389166e-03 -1 -2
-3.837791e-01 -4.780607e-01 6.891190e-01 
2
3
0 6 20 14 0 -1
0 6 10 7 0 2
10 13 10 7 0 2
haar_x2_y2
1.978062e-02 1 0
2
5 2 2 6 0 -1
5 5 2 3 0 2
haar_y2
2.421406e-04 -1 -2
8.424106e-01 8.899211e-01 -9.152652e-01 
2
2
6 9 12 2 0 -1
10 9 4 2 0 3
haar_x3
7.491031e-03 0 1
2
7 10 9 2 0 -1
10 10 3 2 0 3
haar_x3
-3.762338e-03 -1 -2
-8.631250e-01 5.022264e-01 -8.770782e-01 
2
2
1 12 6 8 0 -1
4 12 3 8 0 2
haar_x2
2.821810e-05 1 0
2
1 12 6 8 0 -1
4 12 3 8 0 2
haar_x2
-1.650712e-04 -1 -2
8.357298e-01 -1.000000e+00 1.000000e+00 
2
2
0 4 20 13 0 -1
0 4 10 13 0 2
haar_x2
-7.542181e-04 0 1
3
10 4 4 8 0 -1
12 4 2 4 0 2
10 8 2 4 0 2
haar_x2_y2
-1.292513e-04 -1 -2
3.603001e-01 2.232929e-01 -8.866246e-01 
2
2
2 9 12 2 0 -1
6 9 4 2 0 3
haar_x3
-7.496030e-03 0 1
3
6 10 8 4 0 -1
6 10 4 2 0 2
10 12 4 2 0 2
haar_x2_y2
2.316447e-02 -1 -2
6.603119e-01 -9.515793e-01 1.000000e+00 
2
2
13 8 6 4 0 -1
15 8 2 4 0 3
haar_x3
1.200456e-04 1 0
2
17 10 2 9 0 -1
17 13 2 3 0 3
haar_y3
-1.883594e-05 -1 -2
2.503726e-02 -4.340051e-02 -9.398910e-01 
2
2
1 8 6 4 0 -1
3 8 2 4 0 3
haar_x3
-2.909172e-05 1 0
2
0 0 20 1 0 -1
10 0 10 1 0 2
haar_x2
7.825294e-04 -1 -2
-9.727967e-01 9.753752e-01 -1.000003e+00 
2
2
10 1 10 6 0 -1
10 4 10 3 0 2
haar_y2
6.480906e-04 1 0
2
19 0 1 12 0 -1
19 4 1 4 0 3
haar_y3
-2.211650e-04 -1 -2
5.521752e-01 -1.000000e+00 -5.783331e-01 
2
2
4 7 6 11 0 -1
6 7 2 11 0 3
haar_x3
-2.379789e-03 0 1
3
6 1 8 6 0 -1
6 1 4 3 0 2
10 4 4 3 0 2
haar_x2_y2
-1.757473e-02 -1 -2
7.065910e-01 1.000000e+00 -9.956348e-01 
2
2
10 10 10 10 0 -1
10 15 10 5 0 2
haar_y2
-3.159147e-03 1 0
2
18 12 2 8 0 -1
18 16 2 4 0 2
haar_y2
1.123881e-03 -1 -2
-9.073166e-01 -6.479318e-01 -1.000000e+00 
2
2
4 0 9 14 0 -1
4 7 9 7 0 2
haar_y2
1.993620e-03 1 0
2
0 0 5 2 0 -1
0 1 5 1 0 2
haar_y2
1.534572e-04 -1 -2
7.948920e-01 1.000000e+00 -1.000000e+00 
2
2
10 10 10 10 0 -1
10 15 10 5 0 2
haar_y2
-3.531472e-02 1 0
2
18 12 2 8 0 -1
18 16 2 4 0 2
haar_y2
1.123881e-03 -1 -2
-8.531855e-01 -6.384298e-01 -1.000000e+00 
2
2
0 7 8 11 0 -1
4 7 4 11 0 2
haar_x2
1.869030e-04 1 0
3
0 0 2 4 0 -1
0 0 1 2 0 2
1 2 1 2 0 2
haar_x2_y2
-7.442146e-04 -1 -2
7.643816e-01 -1.000000e+00 1.000000e+00 
2
2
10 10 10 10 0 -1
10 15 10 5 0 2
haar_y2
-2.536558e-03 1 0
2
18 12 2 8 0 -1
18 16 2 4 0 2
haar_y2
1.123881e-03 -1 -2
-8.487841e-01 -6.273353e-01 -1.000000e+00 
2
2
0 0 8 13 0 -1
4 0 4 13 0 2
haar_x2
2.299298e-04 1 0
2
0 0 2 1 0 -1
1 0 1 1 0 2
haar_x2
-2.777006e-03 -1 -2
7.352747e-01 -1.000000e+00 1.000000e+00 
2
2
7 13 6 2 0 -1
9 13 2 2 0 3
haar_x3
-1.658700e-05 1 0
3
18 2 2 14 0 -1
19 2 1 7 0 2
18 9 1 7 0 2
haar_x2_y2
2.371778e-03 -1 -2
-8.963543e-01 -5.965353e-01 -9.099511e-01 
2
2
0 5 8 15 0 -1
4 5 4 15 0 2
haar_x2
2.102659e-04 0 1
2
0 0 18 17 0 -1
9 0 9 17 0 2
haar_x2
2.603969e-02 -1 -2
-1.000000e+00 -9.909039e-01 7.587553e-01 
2
2
8 4 5 3 0 -1
8 5 5 1 0 3
haar_y3
-3.320804e-05 0 1
2
9 2 2 6 0 -1
9 4 2 2 0 3
haar_y3
-1.686586e-02 -1 -2
3.743372e-01 1.000000e+00 -7.244216e-01 
2
2
0 1 10 6 0 -1
0 4 10 3 0 2
haar_y2
7.242247e-05 1 0
2
0 0 6 12 0 -1
0 4 6 4 0 3
haar_y3
-2.180529e-03 -1 -2
3.247664e-01 -1.000000e+00 1.000001e+00 
2
2
7 4 6 6 0 -1
7 6 6 2 0 3
haar_y3
-1.198355e-04 0 1
2
5 6 10 6 0 -1
5 9 10 3 0 2
haar_y2
1.940458e-02 -1 -2
4.107082e-01 -7.567481e-01 2.092874e-01 
2
2
7 6 6 9 0 -1
7 9 6 3 0 3
haar_y3
-3.306761e-02 0 1
3
7 12 6 6 0 -1
7 12 3 3 0 2
10 15 3 3 0 2
haar_x2_y2
1.486796e-02 -1 -2
9.075558e-01 -9.274766e-01 9.308739e-01 
2
2
4 9 16 6 0 -1
4 9 8 6 0 2
haar_x2
2.172794e-03 0 1
2
4 11 16 1 0 -1
4 11 8 1 0 2
haar_x2
1.420201e-02 -1 -2
-9.728754e-01 -9.510420e-01 6.733661e-01 
2
2
0 4 20 12 0 -1
10 4 10 12 0 2
haar_x2
9.239031e-03 0 1
2
0 0 15 8 0 -1
0 4 15 4 0 2
haar_y2
2.687424e-02 -1 -2
-1.000000e+00 -1.000000e+00 9.293312e-01 
1
2
18 0 2 1 0 -1
18 0 1 1 0 2
haar_x2
0.000000e+00 0 -1
0.000000e+00 -1.000000e+00 
1
3
0 0 8 8 0 -1
0 0 4 4 0 2
4 4 4 4 0 2
haar_x2_y2
6.632707e-05 0 -1
-1.000000e+00 1.000000e+00 
1
2
18 0 2 1 0 -1
18 0 1 1 0 2
haar_x2
0.000000e+00 0 -1
0.000000e+00 -1.000000e+00 
1
2
0 0 9 7 0 -1
3 0 3 7 0 3
haar_x3
-1.196489e-04 0 -1
1.000000e+00 -1.000000e+00 
2
2
6 6 9 14 0 -1
6 13 9 7 0 2
haar_y2
-5.106782e-02 1 0
3
12 0 8 4 0 -1
16 0 4 2 0 2
12 2 4 2 0 2
haar_x2_y2
2.149457e-05 -1 -2
-9.941082e-01 -8.778627e-01 3.824412e-01 
2
2
0 0 10 12 0 -1
0 6 10 6 0 2
haar_y2
4.484726e-03 1 0
3
0 0 4 14 0 -1
0 0 2 7 0 2
2 7 2 7 0 2
haar_x2_y2
1.029202e-02 -1 -2
7.792990e-01 -1.000000e+00 1.000000e+00 
2
2
7 8 8 6 0 -1
7 10 8 2 0 3
haar_y3
-3.882611e-03 0 1
2
5 6 10 6 0 -1
5 8 10 2 0 3
haar_y3
-2.499872e-02 -1 -2
6.739463e-01 8.859203e-01 -8.841389e-01 
2
2
0 8 8 6 0 -1
0 10 8 2 0 3
haar_y3
-4.755218e-05 1 0
2
0 0 12 2 0 -1
4 0 4 2 0 3
haar_x3
-3.082475e-04 -1 -2
-9.490294e-01 -1.000000e+00 9.638019e-01 
2
2
11 16 7 4 0 -1
11 18 7 2 0 2
haar_y2
-2.615780e-05 1 0
2
18 1 1 18 0 -1
18 10 1 9 0 2
haar_y2
-3.094893e-03 -1 -2
-8.435110e-01 1.569669e-01 -4.456765e-01 
2
2
0 0 18 17 0 -1
9 0 9 17 0 2
haar_x2
2.603969e-02 1 0
2
0 0 2 1 0 -1
1 0 1 1 0 2
haar_x2
-6.645811e-04 -1 -2
7.155035e-01 -1.000000e+00 1.000000e+00 
2
2
5 11 10 3 0 -1
5 12 10 1 0 3
haar_y3
-1.997258e-05 0 1
2
4 5 12 9 0 -1
8 5 4 9 0 3
haar_x3
-2.726459e-03 -1 -2
5.805013e-01 4.429114e-01 -6.835594e-01 
-2.919188e+01

0
-1
